Frequency [Hz], |S00| [-], |S10| [-], Arg(S00) [-], Arg(S10) [-], Delay 0>0 [s], Delay 0>1 [s], |Z0| [Ohm] , Arg(Z0) [-]
2.000000e+08, 4.718655e-02, 9.517479e-01, 2.379637e+00, -5.738162e-01, 7.387132e-10, 4.542712e-10, 3.736176e+01, 6.520212e-02
2.038000e+08, 4.693699e-02, 9.518308e-01, 2.361999e+00, -5.846624e-01, 7.406865e-10, 4.545133e-10, 3.741846e+01, 6.604200e-02
2.076000e+08, 4.668375e-02, 9.519132e-01, 2.344315e+00, -5.955144e-01, 7.428823e-10, 4.547492e-10, 3.747587e+01, 6.684658e-02
2.114000e+08, 4.642691e-02, 9.519953e-01, 2.326578e+00, -6.063721e-01, 7.452994e-10, 4.549790e-10, 3.753396e+01, 6.761579e-02
2.152000e+08, 4.616651e-02, 9.520769e-01, 2.308783e+00, -6.172352e-01, 7.479372e-10, 4.552032e-10, 3.759272e+01, 6.834953e-02
2.190000e+08, 4.590263e-02, 9.521580e-01, 2.290925e+00, -6.281037e-01, 7.507957e-10, 4.554218e-10, 3.765212e+01, 6.904771e-02
2.228000e+08, 4.563534e-02, 9.522384e-01, 2.272999e+00, -6.389774e-01, 7.538751e-10, 4.556351e-10, 3.771214e+01, 6.971027e-02
2.266000e+08, 4.536472e-02, 9.523181e-01, 2.254999e+00, -6.498562e-01, 7.571766e-10, 4.558432e-10, 3.777277e+01, 7.033711e-02
2.304000e+08, 4.509085e-02, 9.523972e-01, 2.236921e+00, -6.607399e-01, 7.607015e-10, 4.560464e-10, 3.783399e+01, 7.092814e-02
2.342000e+08, 4.481381e-02, 9.524754e-01, 2.218758e+00, -6.716285e-01, 7.644514e-10, 4.562447e-10, 3.789577e+01, 7.148329e-02
2.380000e+08, 4.453369e-02, 9.525527e-01, 2.200506e+00, -6.825219e-01, 7.684286e-10, 4.564382e-10, 3.795809e+01, 7.200247e-02
2.418000e+08, 4.425059e-02, 9.526291e-01, 2.182159e+00, -6.934199e-01, 7.726355e-10, 4.566272e-10, 3.802094e+01, 7.248562e-02
2.456000e+08, 4.396461e-02, 9.527045e-01, 2.163712e+00, -7.043223e-01, 7.770748e-10, 4.568116e-10, 3.808428e+01, 7.293267e-02
2.494000e+08, 4.367585e-02, 9.527788e-01, 2.145158e+00, -7.152292e-01, 7.817498e-10, 4.569916e-10, 3.814811e+01, 7.334354e-02
2.532000e+08, 4.338442e-02, 9.528520e-01, 2.126493e+00, -7.261404e-01, 7.866635e-10, 4.571672e-10, 3.821240e+01, 7.371819e-02
2.570000e+08, 4.309044e-02, 9.529241e-01, 2.107710e+00, -7.370558e-01, 7.918197e-10, 4.573385e-10, 3.827712e+01, 7.405655e-02
2.608000e+08, 4.279403e-02, 9.529950e-01, 2.088805e+00, -7.479752e-01, 7.972221e-10, 4.575057e-10, 3.834226e+01, 7.435858e-02
2.646000e+08, 4.249531e-02, 9.530645e-01, 2.069770e+00, -7.588987e-01, 8.028746e-10, 4.576686e-10, 3.840779e+01, 7.462424e-02
2.684000e+08, 4.219442e-02, 9.531328e-01, 2.050601e+00, -7.698260e-01, 8.087813e-10, 4.578275e-10, 3.847369e+01, 7.485350e-02
2.722000e+08, 4.189150e-02, 9.531997e-01, 2.031290e+00, -7.807572e-01, 8.149464e-10, 4.579822e-10, 3.853994e+01, 7.504632e-02
2.760000e+08, 4.158668e-02, 9.532652e-01, 2.011832e+00, -7.916920e-01, 8.213742e-10, 4.581330e-10, 3.860652e+01, 7.520270e-02
2.798000e+08, 4.128011e-02, 9.533292e-01, 1.992221e+00, -8.026304e-01, 8.280691e-10, 4.582798e-10, 3.867340e+01, 7.532261e-02
2.836000e+08, 4.097197e-02, 9.533917e-01, 1.972450e+00, -8.135724e-01, 8.350354e-10, 4.584227e-10, 3.874055e+01, 7.540606e-02
2.874000e+08, 4.066239e-02, 9.534527e-01, 1.952513e+00, -8.245177e-01, 8.422775e-10, 4.585616e-10, 3.880797e+01, 7.545304e-02
2.912000e+08, 4.035157e-02, 9.535121e-01, 1.932402e+00, -8.354664e-01, 8.497997e-10, 4.586967e-10, 3.887562e+01, 7.546358e-02
2.950000e+08, 4.003966e-02, 9.535699e-01, 1.912113e+00, -8.464183e-01, 8.576062e-10, 4.588279e-10, 3.894347e+01, 7.543768e-02
2.988000e+08, 3.972687e-02, 9.536261e-01, 1.891636e+00, -8.573733e-01, 8.657010e-10, 4.589554e-10, 3.901152e+01, 7.537539e-02
3.026000e+08, 3.941337e-02, 9.536805e-01, 1.870967e+00, -8.683313e-01, 8.740879e-10, 4.590791e-10, 3.907972e+01, 7.527674e-02
3.064000e+08, 3.909937e-02, 9.537332e-01, 1.850097e+00, -8.792924e-01, 8.827706e-10, 4.591990e-10, 3.914806e+01, 7.514177e-02
3.102000e+08, 3.878507e-02, 9.537842e-01, 1.829020e+00, -8.902563e-01, 8.917522e-10, 4.593152e-10, 3.921652e+01, 7.497054e-02
3.140000e+08, 3.847070e-02, 9.538334e-01, 1.807728e+00, -9.012229e-01, 9.010355e-10, 4.594277e-10, 3.928506e+01, 7.476311e-02
3.178000e+08, 3.815647e-02, 9.538808e-01, 1.786215e+00, -9.121923e-01, 9.106228e-10, 4.595366e-10, 3.935367e+01, 7.451956e-02
3.216000e+08, 3.784261e-02, 9.539264e-01, 1.764473e+00, -9.231642e-01, 9.205160e-10, 4.596418e-10, 3.942232e+01, 7.423997e-02
3.254000e+08, 3.752937e-02, 9.539701e-01, 1.742495e+00, -9.341387e-01, 9.307160e-10, 4.597434e-10, 3.949099e+01, 7.392443e-02
3.292000e+08, 3.721699e-02, 9.540119e-01, 1.720273e+00, -9.451155e-01, 9.412233e-10, 4.598414e-10, 3.955965e+01, 7.357304e-02
3.330000e+08, 3.690574e-02, 9.540519e-01, 1.697800e+00, -9.560948e-01, 9.520373e-10, 4.599359e-10, 3.962827e+01, 7.318591e-02
3.368000e+08, 3.659588e-02, 9.540899e-01, 1.675069e+00, -9.670762e-01, 9.631564e-10, 4.600269e-10, 3.969683e+01, 7.276315e-02
3.406000e+08, 3.628768e-02, 9.541260e-01, 1.652073e+00, -9.780599e-01, 9.745780e-10, 4.601144e-10, 3.976531e+01, 7.230490e-02
3.444000e+08, 3.598145e-02, 9.541602e-01, 1.628803e+00, -9.890456e-01, 9.862983e-10, 4.601984e-10, 3.983368e+01, 7.181129e-02
3.482000e+08, 3.567746e-02, 9.541924e-01, 1.605254e+00, -1.000033e+00, 9.983120e-10, 4.602790e-10, 3.990191e+01, 7.128248e-02
3.520000e+08, 3.537604e-02, 9.542227e-01, 1.581419e+00, -1.011023e+00, 1.010612e-09, 4.603562e-10, 3.996999e+01, 7.071860e-02
3.558000e+08, 3.507748e-02, 9.542509e-01, 1.557289e+00, -1.022015e+00, 1.023191e-09, 4.604300e-10, 4.003787e+01, 7.011984e-02
3.596000e+08, 3.478213e-02, 9.542772e-01, 1.532859e+00, -1.033008e+00, 1.036037e-09, 4.605004e-10, 4.010555e+01, 6.948636e-02
3.634000e+08, 3.449032e-02, 9.543015e-01, 1.508123e+00, -1.044003e+00, 1.049139e-09, 4.605676e-10, 4.017299e+01, 6.881835e-02
3.672000e+08, 3.420238e-02, 9.543238e-01, 1.483073e+00, -1.054999e+00, 1.062483e-09, 4.606315e-10, 4.024016e+01, 6.811600e-02
3.710000e+08, 3.391869e-02, 9.543440e-01, 1.457706e+00, -1.065997e+00, 1.076051e-09, 4.606922e-10, 4.030704e+01, 6.737952e-02
3.748000e+08, 3.363960e-02, 9.543623e-01, 1.432014e+00, -1.076997e+00, 1.089824e-09, 4.607496e-10, 4.037361e+01, 6.660911e-02
3.786000e+08, 3.336548e-02, 9.543786e-01, 1.405993e+00, -1.087998e+00, 1.103782e-09, 4.608039e-10, 4.043984e+01, 6.580501e-02
3.824000e+08, 3.309672e-02, 9.543929e-01, 1.379639e+00, -1.099000e+00, 1.117898e-09, 4.608551e-10, 4.050570e+01, 6.496743e-02
3.862000e+08, 3.283371e-02, 9.544051e-01, 1.352948e+00, -1.110003e+00, 1.132146e-09, 4.609032e-10, 4.057117e+01, 6.409662e-02
3.900000e+08, 3.257685e-02, 9.544154e-01, 1.325917e+00, -1.121008e+00, 1.146495e-09, 4.609482e-10, 4.063622e+01, 6.319284e-02
3.938000e+08, 3.232655e-02, 9.544237e-01, 1.298543e+00, -1.132014e+00, 1.160912e-09, 4.609902e-10, 4.070083e+01, 6.225633e-02
3.976000e+08, 3.208321e-02, 9.544300e-01, 1.270825e+00, -1.143020e+00, 1.175360e-09, 4.610292e-10, 4.076496e+01, 6.128738e-02
4.014000e+08, 3.184727e-02, 9.544343e-01, 1.242762e+00, -1.154028e+00, 1.189799e-09, 4.610653e-10, 4.082860e+01, 6.028626e-02
4.052000e+08, 3.161914e-02, 9.544366e-01, 1.214354e+00, -1.165036e+00, 1.204186e-09, 4.610985e-10, 4.089172e+01, 5.925325e-02
4.090000e+08, 3.139926e-02, 9.544370e-01, 1.185603e+00, -1.176046e+00, 1.218475e-09, 4.611288e-10, 4.095428e+01, 5.818866e-02
4.128000e+08, 3.118804e-02, 9.544354e-01, 1.156510e+00, -1.187056e+00, 1.232617e-09, 4.611564e-10, 4.101628e+01, 5.709279e-02
4.166000e+08, 3.098594e-02, 9.544319e-01, 1.127080e+00, -1.198066e+00, 1.246559e-09, 4.611811e-10, 4.107767e+01, 5.596597e-02
4.204000e+08, 3.079338e-02, 9.544264e-01, 1.097317e+00, -1.209077e+00, 1.260247e-09, 4.612031e-10, 4.113844e+01, 5.480850e-02
4.242000e+08, 3.061079e-02, 9.544191e-01, 1.067227e+00, -1.220089e+00, 1.273624e-09, 4.612225e-10, 4.119855e+01, 5.362074e-02
4.280000e+08, 3.043861e-02, 9.544098e-01, 1.036818e+00, -1.231101e+00, 1.286631e-09, 4.612392e-10, 4.125799e+01, 5.240302e-02
4.318000e+08, 3.027726e-02, 9.543987e-01, 1.006098e+00, -1.242114e+00, 1.299207e-09, 4.612533e-10, 4.131673e+01, 5.115571e-02
4.356000e+08, 3.012715e-02, 9.543857e-01, 9.750784e-01, -1.253127e+00, 1.311290e-09, 4.612648e-10, 4.137474e+01, 4.987915e-02
4.394000e+08, 2.998871e-02, 9.543708e-01, 9.437699e-01, -1.264140e+00, 1.322818e-09, 4.612738e-10, 4.143200e+01, 4.857374e-02
4.432000e+08, 2.986232e-02, 9.543541e-01, 9.121862e-01, -1.275153e+00, 1.333728e-09, 4.612804e-10, 4.148848e+01, 4.723984e-02
4.470000e+08, 2.974839e-02, 9.543357e-01, 8.803419e-01, -1.286167e+00, 1.343960e-09, 4.612846e-10, 4.154415e+01, 4.587785e-02
4.508000e+08, 2.964728e-02, 9.543154e-01, 8.482534e-01, -1.297181e+00, 1.353453e-09, 4.612864e-10, 4.159900e+01, 4.448817e-02
4.546000e+08, 2.955935e-02, 9.542933e-01, 8.159382e-01, -1.308194e+00, 1.362149e-09, 4.612858e-10, 4.165300e+01, 4.307122e-02
4.584000e+08, 2.948494e-02, 9.542696e-01, 7.834154e-01, -1.319208e+00, 1.369993e-09, 4.612830e-10, 4.170613e+01, 4.162740e-02
4.622000e+08, 2.942438e-02, 9.542441e-01, 7.507053e-01, -1.330222e+00, 1.376933e-09, 4.612779e-10, 4.175835e+01, 4.015714e-02
4.660000e+08, 2.937796e-02, 9.542169e-01, 7.178295e-01, -1.341235e+00, 1.382924e-09, 4.612707e-10, 4.180965e+01, 3.866090e-02
4.698000e+08, 2.934595e-02, 9.541880e-01, 6.848107e-01, -1.352249e+00, 1.387922e-09, 4.612613e-10, 4.186000e+01, 3.713910e-02
4.736000e+08, 2.932861e-02, 9.541575e-01, 6.516725e-01, -1.363262e+00, 1.391891e-09, 4.612498e-10, 4.190938e+01, 3.559220e-02
4.774000e+08, 2.932616e-02, 9.541253e-01, 6.184396e-01, -1.374275e+00, 1.394802e-09, 4.612363e-10, 4.195777e+01, 3.402067e-02
4.812000e+08, 2.933878e-02, 9.540916e-01, 5.851372e-01, -1.385287e+00, 1.396631e-09, 4.612208e-10, 4.200514e+01, 3.242498e-02
4.850000e+08, 2.936665e-02, 9.540563e-01, 5.517911e-01, -1.396299e+00, 1.397362e-09, 4.612033e-10, 4.205148e+01, 3.080560e-02
4.888000e+08, 2.940989e-02, 9.540195e-01, 5.184275e-01, -1.407311e+00, 1.396988e-09, 4.611839e-10, 4.209675e+01, 2.916304e-02
4.926000e+08, 2.946861e-02, 9.539812e-01, 4.850729e-01, -1.418322e+00, 1.395506e-09, 4.611627e-10, 4.214094e+01, 2.749777e-02
4.964000e+08, 2.954288e-02, 9.539413e-01, 4.517536e-01, -1.429333e+00, 1.392923e-09, 4.611397e-10, 4.218402e+01, 2.581032e-02
5.002000e+08, 2.963273e-02, 9.539001e-01, 4.184961e-01, -1.440343e+00, 1.389253e-09, 4.611148e-10, 4.222598e+01, 2.410120e-02
5.040000e+08, 2.973818e-02, 9.538574e-01, 3.853261e-01, -1.451353e+00, 1.384517e-09, 4.610883e-10, 4.226680e+01, 2.237092e-02
5.078000e+08, 2.985919e-02, 9.538133e-01, 3.522692e-01, -1.462362e+00, 1.378743e-09, 4.610601e-10, 4.230644e+01, 2.062002e-02
5.116000e+08, 2.999572e-02, 9.537679e-01, 3.193502e-01, -1.473370e+00, 1.371967e-09, 4.610303e-10, 4.234490e+01, 1.884903e-02
5.154000e+08, 3.014768e-02, 9.537211e-01, 2.865930e-01, -1.484378e+00, 1.364227e-09, 4.609989e-10, 4.238216e+01, 1.705849e-02
5.192000e+08, 3.031495e-02, 9.536730e-01, 2.540206e-01, -1.495385e+00, 1.355570e-09, 4.609660e-10, 4.241819e+01, 1.524898e-02
5.230000e+08, 3.049739e-02, 9.536237e-01, 2.216549e-01, -1.506391e+00, 1.346045e-09, 4.609315e-10, 4.245297e+01, 1.342103e-02
5.268000e+08, 3.069483e-02, 9.535731e-01, 1.895165e-01, -1.517396e+00, 1.335706e-09, 4.608957e-10, 4.248649e+01, 1.157523e-02
5.306000e+08, 3.090708e-02, 9.535213e-01, 1.576251e-01, -1.528400e+00, 1.324611e-09, 4.608584e-10, 4.251874e+01, 9.712136e-03
5.344000e+08, 3.113391e-02, 9.534684e-01, 1.259985e-01, -1.539404e+00, 1.312819e-09, 4.608198e-10, 4.254968e+01, 7.832344e-03
5.382000e+08, 3.137510e-02, 9.534143e-01, 9.465353e-02, -1.550407e+00, 1.300390e-09, 4.607800e-10, 4.257931e+01, 5.936437e-03
5.420000e+08, 3.163038e-02, 9.533592e-01, 6.360529e-02, -1.561408e+00, 1.287386e-09, 4.607388e-10, 4.260762e+01, 4.025011e-03
5.458000e+08, 3.189947e-02, 9.533029e-01, 3.286753e-02, -1.572409e+00, 1.273869e-09, 4.606964e-10, 4.263457e+01, 2.098669e-03
5.496000e+08, 3.218208e-02, 9.532456e-01, 2.452508e-03, -1.583408e+00, 1.259900e-09, 4.606529e-10, 4.266017e+01, 1.580172e-04
5.534000e+08, 3.247791e-02, 9.531874e-01, -2.762900e-02, -1.594407e+00, 1.245541e-09, 4.606083e-10, 4.268439e+01, -1.796329e-03
5.572000e+08, 3.278663e-02, 9.531281e-01, -5.736767e-02, -1.605405e+00, 1.230850e-09, 4.605626e-10, 4.270722e+01, -3.763750e-03
5.610000e+08, 3.310790e-02, 9.530679e-01, -8.675557e-02, -1.616401e+00, 1.215884e-09, 4.605158e-10, 4.272865e+01, -5.743619e-03
5.648000e+08, 3.344140e-02, 9.530068e-01, -1.157861e-01, -1.627396e+00, 1.200698e-09, 4.604680e-10, 4.274866e+01, -7.735306e-03
5.686000e+08, 3.378677e-02, 9.529449e-01, -1.444541e-01, -1.638391e+00, 1.185344e-09, 4.604193e-10, 4.276725e+01, -9.738174e-03
5.724000e+08, 3.414367e-02, 9.528821e-01, -1.727555e-01, -1.649384e+00, 1.169871e-09, 4.603697e-10, 4.278439e+01, -1.175158e-02
5.762000e+08, 3.451172e-02, 9.528185e-01, -2.006875e-01, -1.660375e+00, 1.154327e-09, 4.603193e-10, 4.280009e+01, -1.377488e-02
5.800000e+08, 3.489057e-02, 9.527542e-01, -2.282483e-01, -1.671366e+00, 1.138754e-09, 4.602680e-10, 4.281432e+01, -1.580742e-02
5.838000e+08, 3.527985e-02, 9.526891e-01, -2.554373e-01, -1.682355e+00, 1.123193e-09, 4.602159e-10, 4.282709e+01, -1.784854e-02
5.876000e+08, 3.567921e-02, 9.526234e-01, -2.822548e-01, -1.693344e+00, 1.107680e-09, 4.601632e-10, 4.283837e+01, -1.989759e-02
5.914000e+08, 3.608827e-02, 9.525570e-01, -3.087019e-01, -1.704330e+00, 1.092250e-09, 4.601097e-10, 4.284817e+01, -2.195390e-02
5.952000e+08, 3.650668e-02, 9.524899e-01, -3.347806e-01, -1.715316e+00, 1.076932e-09, 4.600555e-10, 4.285647e+01, -2.401681e-02
5.990000e+08, 3.693407e-02, 9.524223e-01, -3.604935e-01, -1.726300e+00, 1.061755e-09, 4.600008e-10, 4.286327e+01, -2.608563e-02
6.028000e+08, 3.737009e-02, 9.523541e-01, -3.858441e-01, -1.737283e+00, 1.046743e-09, 4.599454e-10, 4.286856e+01, -2.815971e-02
6.066000e+08, 3.781438e-02, 9.522854e-01, -4.108362e-01, -1.748265e+00, 1.031918e-09, 4.598896e-10, 4.287234e+01, -3.023835e-02
6.104000e+08, 3.826660e-02, 9.522162e-01, -4.354744e-01, -1.759246e+00, 1.017299e-09, 4.598332e-10, 4.287460e+01, -3.232089e-02
6.142000e+08, 3.872639e-02, 9.521466e-01, -4.597635e-01, -1.770225e+00, 1.002904e-09, 4.597764e-10, 4.287533e+01, -3.440664e-02
6.180000e+08, 3.919341e-02, 9.520765e-01, -4.837090e-01, -1.781202e+00, 9.887454e-10, 4.597192e-10, 4.287454e+01, -3.649491e-02
6.218000e+08, 3.966733e-02, 9.520060e-01, -5.073164e-01, -1.792179e+00, 9.748369e-10, 4.596615e-10, 4.287222e+01, -3.858501e-02
6.256000e+08, 4.014783e-02, 9.519352e-01, -5.305917e-01, -1.803153e+00, 9.611882e-10, 4.596036e-10, 4.286837e+01, -4.067627e-02
6.294000e+08, 4.063457e-02, 9.518641e-01, -5.535411e-01, -1.814127e+00, 9.478076e-10, 4.595453e-10, 4.286298e+01, -4.276798e-02
6.332000e+08, 4.112724e-02, 9.517927e-01, -5.761710e-01, -1.825099e+00, 9.347016e-10, 4.594868e-10, 4.285606e+01, -4.485946e-02
6.370000e+08, 4.162553e-02, 9.517210e-01, -5.984881e-01, -1.836070e+00, 9.218752e-10, 4.594280e-10, 4.284760e+01, -4.695002e-02
6.408000e+08, 4.212912e-02, 9.516492e-01, -6.204989e-01, -1.847039e+00, 9.093321e-10, 4.593690e-10, 4.283762e+01, -4.903897e-02
6.446000e+08, 4.263774e-02, 9.515771e-01, -6.422102e-01, -1.858007e+00, 8.970745e-10, 4.593099e-10, 4.282610e+01, -5.112561e-02
6.484000e+08, 4.315106e-02, 9.515049e-01, -6.636288e-01, -1.868974e+00, 8.851036e-10, 4.592506e-10, 4.281306e+01, -5.320924e-02
6.522000e+08, 4.366883e-02, 9.514325e-01, -6.847616e-01, -1.879939e+00, 8.734195e-10, 4.591913e-10, 4.279848e+01, -5.528919e-02
6.560000e+08, 4.419074e-02, 9.513601e-01, -7.056155e-01, -1.890903e+00, 8.620214e-10, 4.591318e-10, 4.278239e+01, -5.736475e-02
6.598000e+08, 4.471653e-02, 9.512876e-01, -7.261972e-01, -1.901865e+00, 8.509076e-10, 4.590724e-10, 4.276478e+01, -5.943524e-02
6.636000e+08, 4.524594e-02, 9.512151e-01, -7.465136e-01, -1.912826e+00, 8.400759e-10, 4.590130e-10, 4.274566e+01, -6.149996e-02
6.674000e+08, 4.577869e-02, 9.511426e-01, -7.665713e-01, -1.923785e+00, 8.295233e-10, 4.589536e-10, 4.272503e+01, -6.355823e-02
6.712000e+08, 4.631453e-02, 9.510701e-01, -7.863771e-01, -1.934743e+00, 8.192463e-10, 4.588942e-10, 4.270290e+01, -6.560936e-02
6.750000e+08, 4.685321e-02, 9.509977e-01, -8.059375e-01, -1.945700e+00, 8.092409e-10, 4.588350e-10, 4.267928e+01, -6.765266e-02
6.788000e+08, 4.739449e-02, 9.509254e-01, -8.252590e-01, -1.956655e+00, 7.995029e-10, 4.587759e-10, 4.265418e+01, -6.968746e-02
6.826000e+08, 4.793813e-02, 9.508532e-01, -8.443480e-01, -1.967609e+00, 7.900276e-10, 4.587169e-10, 4.262760e+01, -7.171307e-02
6.864000e+08, 4.848389e-02, 9.507812e-01, -8.632108e-01, -1.978561e+00, 7.808099e-10, 4.586582e-10, 4.259956e+01, -7.372881e-02
6.902000e+08, 4.903155e-02, 9.507093e-01, -8.818535e-01, -1.989512e+00, 7.718449e-10, 4.585997e-10, 4.257006e+01, -7.573402e-02
6.940000e+08, 4.958088e-02, 9.506377e-01, -9.002822e-01, -2.000462e+00, 7.631270e-10, 4.585414e-10, 4.253911e+01, -7.772802e-02
6.978000e+08, 5.013167e-02, 9.505663e-01, -9.185027e-01, -2.011410e+00, 7.546509e-10, 4.584834e-10, 4.250674e+01, -7.971014e-02
7.016000e+08, 5.068369e-02, 9.504952e-01, -9.365208e-01, -2.022357e+00, 7.464110e-10, 4.584257e-10, 4.247294e+01, -8.167972e-02
7.054000e+08, 5.123675e-02, 9.504244e-01, -9.543422e-01, -2.033302e+00, 7.384017e-10, 4.583683e-10, 4.243773e+01, -8.363609e-02
7.092000e+08, 5.179064e-02, 9.503539e-01, -9.719723e-01, -2.044246e+00, 7.306172e-10, 4.583113e-10, 4.240113e+01, -8.557861e-02
7.130000e+08, 5.234515e-02, 9.502837e-01, -9.894166e-01, -2.055189e+00, 7.230520e-10, 4.582547e-10, 4.236315e+01, -8.750663e-02
7.168000e+08, 5.290010e-02, 9.502140e-01, -1.006680e+00, -2.066130e+00, 7.157003e-10, 4.581985e-10, 4.232380e+01, -8.941949e-02
7.206000e+08, 5.345529e-02, 9.501446e-01, -1.023768e+00, -2.077070e+00, 7.085565e-10, 4.581427e-10, 4.228311e+01, -9.131656e-02
7.244000e+08, 5.401053e-02, 9.500757e-01, -1.040686e+00, -2.088009e+00, 7.016150e-10, 4.580874e-10, 4.224107e+01, -9.319720e-02
7.282000e+08, 5.456564e-02, 9.500072e-01, -1.057438e+00, -2.098946e+00, 6.948702e-10, 4.580326e-10, 4.219772e+01, -9.506077e-02
7.320000e+08, 5.512044e-02, 9.499393e-01, -1.074029e+00, -2.109882e+00, 6.883168e-10, 4.579782e-10, 4.215307e+01, -9.690667e-02
7.358000e+08, 5.567476e-02, 9.498718e-01, -1.090463e+00, -2.120817e+00, 6.819494e-10, 4.579245e-10, 4.210714e+01, -9.873427e-02
7.396000e+08, 5.622842e-02, 9.498048e-01, -1.106745e+00, -2.131750e+00, 6.757626e-10, 4.578712e-10, 4.205994e+01, -1.005429e-01
7.434000e+08, 5.678126e-02, 9.497385e-01, -1.122880e+00, -2.142683e+00, 6.697514e-10, 4.578186e-10, 4.201150e+01, -1.023321e-01
7.472000e+08, 5.733310e-02, 9.496727e-01, -1.138871e+00, -2.153613e+00, 6.639105e-10, 4.577665e-10, 4.196183e+01, -1.041012e-01
7.510000e+08, 5.788378e-02, 9.496074e-01, -1.154722e+00, -2.164543e+00, 6.582351e-10, 4.577151e-10, 4.191095e+01, -1.058495e-01
7.548000e+08, 5.843315e-02, 9.495429e-01, -1.170439e+00, -2.175472e+00, 6.527203e-10, 4.576643e-10, 4.185888e+01, -1.075765e-01
7.586000e+08, 5.898105e-02, 9.494789e-01, -1.186023e+00, -2.186399e+00, 6.473615e-10, 4.576141e-10, 4.180565e+01, -1.092817e-01
7.624000e+08, 5.952733e-02, 9.494156e-01, -1.201479e+00, -2.197325e+00, 6.421538e-10, 4.575646e-10, 4.175128e+01, -1.109644e-01
7.662000e+08, 6.007183e-02, 9.493531e-01, -1.216812e+00, -2.208250e+00, 6.370930e-10, 4.575159e-10, 4.169578e+01, -1.126242e-01
7.700000e+08, 6.061440e-02, 9.492912e-01, -1.232023e+00, -2.219173e+00, 6.321746e-10, 4.574678e-10, 4.163918e+01, -1.142603e-01
7.738000e+08, 6.115491e-02, 9.492300e-01, -1.247117e+00, -2.230096e+00, 6.273943e-10, 4.574205e-10, 4.158150e+01, -1.158724e-01
7.776000e+08, 6.169321e-02, 9.491696e-01, -1.262096e+00, -2.241017e+00, 6.227480e-10, 4.573739e-10, 4.152277e+01, -1.174598e-01
7.814000e+08, 6.222915e-02, 9.491100e-01, -1.276965e+00, -2.251938e+00, 6.182318e-10, 4.573281e-10, 4.146301e+01, -1.190220e-01
7.852000e+08, 6.276260e-02, 9.490512e-01, -1.291726e+00, -2.262857e+00, 6.138417e-10, 4.572831e-10, 4.140223e+01, -1.205586e-01
7.890000e+08, 6.329343e-02, 9.489931e-01, -1.306382e+00, -2.273775e+00, 6.095740e-10, 4.572388e-10, 4.134048e+01, -1.220690e-01
7.928000e+08, 6.382150e-02, 9.489359e-01, -1.320937e+00, -2.284692e+00, 6.054249e-10, 4.571954e-10, 4.127776e+01, -1.235526e-01
7.966000e+08, 6.434667e-02, 9.488795e-01, -1.335392e+00, -2.295608e+00, 6.013910e-10, 4.571528e-10, 4.121411e+01, -1.250090e-01
8.004000e+08, 6.486883e-02, 9.488240e-01, -1.349751e+00, -2.306523e+00, 5.974688e-10, 4.571110e-10, 4.114954e+01, -1.264378e-01
8.042000e+08, 6.538784e-02, 9.487693e-01, -1.364016e+00, -2.317437e+00, 5.936549e-10, 4.570701e-10, 4.108410e+01, -1.278384e-01
8.080000e+08, 6.590358e-02, 9.487155e-01, -1.378190e+00, -2.328350e+00, 5.899463e-10, 4.570300e-10, 4.101779e+01, -1.292103e-01
8.118000e+08, 6.641593e-02, 9.486627e-01, -1.392276e+00, -2.339262e+00, 5.863396e-10, 4.569909e-10, 4.095065e+01, -1.305532e-01
8.156000e+08, 6.692476e-02, 9.486107e-01, -1.406275e+00, -2.350174e+00, 5.828320e-10, 4.569526e-10, 4.088270e+01, -1.318665e-01
8.194000e+08, 6.742996e-02, 9.485597e-01, -1.420191e+00, -2.361084e+00, 5.794205e-10, 4.569152e-10, 4.081397e+01, -1.331499e-01
8.232000e+08, 6.793140e-02, 9.485096e-01, -1.434025e+00, -2.371993e+00, 5.761022e-10, 4.568787e-10, 4.074449e+01, -1.344028e-01
8.270000e+08, 6.842898e-02, 9.484604e-01, -1.447780e+00, -2.382902e+00, 5.728746e-10, 4.568431e-10, 4.067428e+01, -1.356250e-01
8.308000e+08, 6.892258e-02, 9.484123e-01, -1.461458e+00, -2.393809e+00, 5.697348e-10, 4.568085e-10, 4.060337e+01, -1.368159e-01
8.346000e+08, 6.941209e-02, 9.483651e-01, -1.475061e+00, -2.404716e+00, 5.666804e-10, 4.567748e-10, 4.053179e+01, -1.379752e-01
8.384000e+08, 6.989740e-02, 9.483189e-01, -1.488592e+00, -2.415622e+00, 5.637089e-10, 4.567420e-10, 4.045956e+01, -1.391026e-01
8.422000e+08, 7.037839e-02, 9.482737e-01, -1.502051e+00, -2.426527e+00, 5.608179e-10, 4.567102e-10, 4.038671e+01, -1.401975e-01
8.460000e+08, 7.085497e-02, 9.482295e-01, -1.515441e+00, -2.437432e+00, 5.580051e-10, 4.566794e-10, 4.031328e+01, -1.412597e-01
8.498000e+08, 7.132702e-02, 9.481864e-01, -1.528764e+00, -2.448335e+00, 5.552684e-10, 4.566495e-10, 4.023928e+01, -1.422888e-01
8.536000e+08, 7.179445e-02, 9.481442e-01, -1.542021e+00, -2.459239e+00, 5.526055e-10, 4.566206e-10, 4.016474e+01, -1.432844e-01
8.574000e+08, 7.225714e-02, 9.481031e-01, -1.555216e+00, -2.470141e+00, 5.500143e-10, 4.565926e-10, 4.008969e+01, -1.442463e-01
8.612000e+08, 7.271501e-02, 9.480631e-01, -1.568348e+00, -2.481042e+00, 5.474930e-10, 4.565657e-10, 4.001417e+01, -1.451741e-01
8.650000e+08, 7.316795e-02, 9.480241e-01, -1.581420e+00, -2.491943e+00, 5.450395e-10, 4.565397e-10, 3.993820e+01, -1.460675e-01
8.688000e+08, 7.361585e-02, 9.479862e-01, -1.594433e+00, -2.502844e+00, 5.426519e-10, 4.565147e-10, 3.986180e+01, -1.469261e-01
8.726000e+08, 7.405864e-02, 9.479493e-01, -1.607390e+00, -2.513744e+00, 5.403286e-10, 4.564907e-10, 3.978500e+01, -1.477498e-01
8.764000e+08, 7.449620e-02, 9.479136e-01, -1.620291e+00, -2.524643e+00, 5.380677e-10, 4.564677e-10, 3.970784e+01, -1.485383e-01
8.802000e+08, 7.492846e-02, 9.478789e-01, -1.633137e+00, -2.535542e+00, 5.358675e-10, 4.564457e-10, 3.963034e+01, -1.492911e-01
8.840000e+08, 7.535530e-02, 9.478453e-01, -1.645932e+00, -2.546440e+00, 5.337264e-10, 4.564247e-10, 3.955253e+01, -1.500082e-01
8.878000e+08, 7.577665e-02, 9.478128e-01, -1.658675e+00, -2.557337e+00, 5.316430e-10, 4.564047e-10, 3.947444e+01, -1.506893e-01
8.916000e+08, 7.619241e-02, 9.477814e-01, -1.671369e+00, -2.568235e+00, 5.296156e-10, 4.563857e-10, 3.939609e+01, -1.513341e-01
8.954000e+08, 7.660250e-02, 9.477511e-01, -1.684014e+00, -2.579131e+00, 5.276427e-10, 4.563677e-10, 3.931752e+01, -1.519425e-01
8.992000e+08, 7.700683e-02, 9.477218e-01, -1.696612e+00, -2.590028e+00, 5.257231e-10, 4.563507e-10, 3.923875e+01, -1.525141e-01
9.030000e+08, 7.740531e-02, 9.476937e-01, -1.709164e+00, -2.600923e+00, 5.238553e-10, 4.563347e-10, 3.915981e+01, -1.530489e-01
9.068000e+08, 7.779785e-02, 9.476668e-01, -1.721672e+00, -2.611819e+00, 5.220380e-10, 4.563197e-10, 3.908072e+01, -1.535466e-01
9.106000e+08, 7.818438e-02, 9.476409e-01, -1.734136e+00, -2.622714e+00, 5.202700e-10, 4.563057e-10, 3.900152e+01, -1.540071e-01
9.144000e+08, 7.856481e-02, 9.476161e-01, -1.746558e+00, -2.633609e+00, 5.185500e-10, 4.562927e-10, 3.892224e+01, -1.544302e-01
9.182000e+08, 7.893907e-02, 9.475924e-01, -1.758939e+00, -2.644503e+00, 5.168768e-10, 4.562807e-10, 3.884290e+01, -1.548158e-01
9.220000e+08, 7.930706e-02, 9.475699e-01, -1.771280e+00, -2.655398e+00, 5.152494e-10, 4.562697e-10, 3.876352e+01, -1.551636e-01
9.258000e+08, 7.966871e-02, 9.475485e-01, -1.783582e+00, -2.666291e+00, 5.136666e-10, 4.562596e-10, 3.868414e+01, -1.554737e-01
9.296000e+08, 8.002395e-02, 9.475282e-01, -1.795847e+00, -2.677185e+00, 5.121274e-10, 4.562506e-10, 3.860479e+01, -1.557458e-01
9.334000e+08, 8.037270e-02, 9.475090e-01, -1.808074e+00, -2.688079e+00, 5.106307e-10, 4.562425e-10, 3.852548e+01, -1.559800e-01
9.372000e+08, 8.071488e-02, 9.474909e-01, -1.820266e+00, -2.698972e+00, 5.091756e-10, 4.562354e-10, 3.844626e+01, -1.561760e-01
9.410000e+08, 8.105042e-02, 9.474739e-01, -1.832423e+00, -2.709865e+00, 5.077611e-10, 4.562293e-10, 3.836713e+01, -1.563339e-01
9.448000e+08, 8.137925e-02, 9.474580e-01, -1.844547e+00, -2.720758e+00, 5.063863e-10, 4.562241e-10, 3.828814e+01, -1.564535e-01
9.486000e+08, 8.170129e-02, 9.474432e-01, -1.856637e+00, -2.731651e+00, 5.050503e-10, 4.562199e-10, 3.820931e+01, -1.565348e-01
9.524000e+08, 8.201647e-02, 9.474296e-01, -1.868696e+00, -2.742544e+00, 5.037523e-10, 4.562167e-10, 3.813067e+01, -1.565778e-01
9.562000e+08, 8.232473e-02, 9.474170e-01, -1.880723e+00, -2.753436e+00, 5.024915e-10, 4.562144e-10, 3.805223e+01, -1.565825e-01
9.600000e+08, 8.262600e-02, 9.474055e-01, -1.892721e+00, -2.764329e+00, 5.012671e-10, 4.562130e-10, 3.797404e+01, -1.565488e-01
9.638000e+08, 8.292020e-02, 9.473951e-01, -1.904689e+00, -2.775222e+00, 5.000782e-10, 4.562126e-10, 3.789610e+01, -1.564767e-01
9.676000e+08, 8.320727e-02, 9.473858e-01, -1.916629e+00, -2.786114e+00, 4.989243e-10, 4.562131e-10, 3.781846e+01, -1.563662e-01
9.714000e+08, 8.348715e-02, 9.473776e-01, -1.928541e+00, -2.797007e+00, 4.978046e-10, 4.562145e-10, 3.774113e+01, -1.562175e-01
9.752000e+08, 8.375978e-02, 9.473705e-01, -1.940427e+00, -2.807899e+00, 4.967183e-10, 4.562168e-10, 3.766415e+01, -1.560304e-01
9.790000e+08, 8.402508e-02, 9.473644e-01, -1.952287e+00, -2.818792e+00, 4.956650e-10, 4.562200e-10, 3.758752e+01, -1.558051e-01
9.828000e+08, 8.428301e-02, 9.473594e-01, -1.964121e+00, -2.829685e+00, 4.946439e-10, 4.562241e-10, 3.751129e+01, -1.555416e-01
9.866000e+08, 8.453349e-02, 9.473554e-01, -1.975932e+00, -2.840578e+00, 4.936544e-10, 4.562291e-10, 3.743548e+01, -1.552400e-01
9.904000e+08, 8.477646e-02, 9.473525e-01, -1.987718e+00, -2.851471e+00, 4.926961e-10, 4.562350e-10, 3.736010e+01, -1.549003e-01
9.942000e+08, 8.501188e-02, 9.473506e-01, -1.999482e+00, -2.862364e+00, 4.917682e-10, 4.562417e-10, 3.728520e+01, -1.545228e-01
9.980000e+08, 8.523967e-02, 9.473498e-01, -2.011223e+00, -2.873257e+00, 4.908704e-10, 4.562493e-10, 3.721078e+01, -1.541074e-01
1.001800e+09, 8.545979e-02, 9.473500e-01, -2.022943e+00, -2.884150e+00, 4.900021e-10, 4.562578e-10, 3.713687e+01, -1.536544e-01
1.005600e+09, 8.567218e-02, 9.473512e-01, -2.034643e+00, -2.895044e+00, 4.891627e-10, 4.562670e-10, 3.706350e+01, -1.531638e-01
1.009400e+09, 8.587678e-02, 9.473534e-01, -2.046322e+00, -2.905938e+00, 4.883519e-10, 4.562771e-10, 3.699069e+01, -1.526359e-01
1.013200e+09, 8.607354e-02, 9.473566e-01, -2.057982e+00, -2.916832e+00, 4.875693e-10, 4.562880e-10, 3.691846e+01, -1.520707e-01
1.017000e+09, 8.626241e-02, 9.473608e-01, -2.069623e+00, -2.927726e+00, 4.868143e-10, 4.562997e-10, 3.684684e+01, -1.514684e-01
1.020800e+09, 8.644334e-02, 9.473660e-01, -2.081246e+00, -2.938621e+00, 4.860866e-10, 4.563122e-10, 3.677585e+01, -1.508293e-01
1.024600e+09, 8.661627e-02, 9.473722e-01, -2.092852e+00, -2.949516e+00, 4.853858e-10, 4.563255e-10, 3.670551e+01, -1.501536e-01
1.028400e+09, 8.678116e-02, 9.473793e-01, -2.104441e+00, -2.960411e+00, 4.847115e-10, 4.563395e-10, 3.663585e+01, -1.494414e-01
1.032200e+09, 8.693795e-02, 9.473874e-01, -2.116014e+00, -2.971307e+00, 4.840635e-10, 4.563543e-10, 3.656688e+01, -1.486930e-01
1.036000e+09, 8.708661e-02, 9.473964e-01, -2.127572e+00, -2.982203e+00, 4.834413e-10, 4.563698e-10, 3.649863e+01, -1.479086e-01
1.039800e+09, 8.722707e-02, 9.474064e-01, -2.139115e+00, -2.993099e+00, 4.828447e-10, 4.563861e-10, 3.643112e+01, -1.470885e-01
1.043600e+09, 8.735931e-02, 9.474173e-01, -2.150643e+00, -3.003996e+00, 4.822734e-10, 4.564031e-10, 3.636437e+01, -1.462330e-01
1.047400e+09, 8.748327e-02, 9.474290e-01, -2.162158e+00, -3.014893e+00, 4.817270e-10, 4.564208e-10, 3.629841e+01, -1.453423e-01
1.051200e+09, 8.759892e-02, 9.474417e-01, -2.173660e+00, -3.025791e+00, 4.812055e-10, 4.564392e-10, 3.623324e+01, -1.444167e-01
1.055000e+09, 8.770620e-02, 9.474553e-01, -2.185149e+00, -3.036689e+00, 4.807084e-10, 4.564582e-10, 3.616890e+01, -1.434566e-01
1.058800e+09, 8.780508e-02, 9.474697e-01, -2.196626e+00, -3.047587e+00, 4.802356e-10, 4.564780e-10, 3.610540e+01, -1.424622e-01
1.062600e+09, 8.789552e-02, 9.474850e-01, -2.208093e+00, -3.058486e+00, 4.797869e-10, 4.564984e-10, 3.604277e+01, -1.414339e-01
1.066400e+09, 8.797747e-02, 9.475012e-01, -2.219548e+00, -3.069385e+00, 4.793621e-10, 4.565194e-10, 3.598101e+01, -1.403721e-01
1.070200e+09, 8.805091e-02, 9.475182e-01, -2.230993e+00, -3.080285e+00, 4.789610e-10, 4.565411e-10, 3.592016e+01, -1.392770e-01
1.074000e+09, 8.811578e-02, 9.475360e-01, -2.242429e+00, -3.091186e+00, 4.785835e-10, 4.565634e-10, 3.586024e+01, -1.381492e-01
1.077800e+09, 8.817207e-02, 9.475546e-01, -2.253856e+00, -3.102087e+00, 4.782295e-10, 4.565863e-10, 3.580125e+01, -1.369888e-01
1.081600e+09, 8.821972e-02, 9.475740e-01, -2.265274e+00, -3.112988e+00, 4.778988e-10, 4.566097e-10, 3.574322e+01, -1.357965e-01
1.085400e+09, 8.825872e-02, 9.475942e-01, -2.276684e+00, -3.123890e+00, 4.775912e-10, 4.566338e-10, 3.568617e+01, -1.345724e-01
1.089200e+09, 8.828902e-02, 9.476152e-01, -2.288087e+00, -3.134793e+00, 4.773068e-10, 4.566585e-10, 3.563011e+01, -1.333172e-01
1.093000e+09, 8.831059e-02, 9.476369e-01, -2.299484e+00, 3.137489e+00, 4.770454e-10, 4.566836e-10, 3.557507e+01, -1.320312e-01
1.096800e+09, 8.832340e-02, 9.476594e-01, -2.310874e+00, 3.126585e+00, 4.768071e-10, 4.567094e-10, 3.552105e+01, -1.307149e-01
1.100600e+09, 8.832742e-02, 9.476826e-01, -2.322258e+00, 3.115681e+00, 4.765917e-10, 4.567356e-10, 3.546809e+01, -1.293686e-01
1.104400e+09, 8.832262e-02, 9.477065e-01, -2.333637e+00, 3.104776e+00, 4.763992e-10, 4.567624e-10, 3.541618e+01, -1.279930e-01
1.108200e+09, 8.830898e-02, 9.477311e-01, -2.345012e+00, 3.093870e+00, 4.762296e-10, 4.567897e-10, 3.536536e+01, -1.265885e-01
1.112000e+09, 8.828647e-02, 9.477565e-01, -2.356382e+00, 3.082964e+00, 4.760830e-10, 4.568175e-10, 3.531564e+01, -1.251556e-01
1.115800e+09, 8.825506e-02, 9.477824e-01, -2.367749e+00, 3.072057e+00, 4.759593e-10, 4.568457e-10, 3.526702e+01, -1.236947e-01
1.119600e+09, 8.821472e-02, 9.478091e-01, -2.379113e+00, 3.061149e+00, 4.758586e-10, 4.568744e-10, 3.521954e+01, -1.222065e-01
1.123400e+09, 8.816544e-02, 9.478364e-01, -2.390475e+00, 3.050241e+00, 4.757811e-10, 4.569036e-10, 3.517320e+01, -1.206914e-01
1.127200e+09, 8.810719e-02, 9.478643e-01, -2.401835e+00, 3.039332e+00, 4.757266e-10, 4.569332e-10, 3.512802e+01, -1.191500e-01
1.131000e+09, 8.803995e-02, 9.478928e-01, -2.413193e+00, 3.028422e+00, 4.756954e-10, 4.569632e-10, 3.508401e+01, -1.175829e-01
1.134800e+09, 8.796369e-02, 9.479219e-01, -2.424551e+00, 3.017511e+00, 4.756876e-10, 4.569936e-10, 3.504119e+01, -1.159906e-01
1.138600e+09, 8.787840e-02, 9.479516e-01, -2.435908e+00, 3.006600e+00, 4.757032e-10, 4.570244e-10, 3.499958e+01, -1.143737e-01
1.142400e+09, 8.778407e-02, 9.479819e-01, -2.447266e+00, 2.995688e+00, 4.757425e-10, 4.570557e-10, 3.495918e+01, -1.127328e-01
1.146200e+09, 8.768066e-02, 9.480128e-01, -2.458625e+00, 2.984775e+00, 4.758057e-10, 4.570873e-10, 3.492000e+01, -1.110685e-01
1.150000e+09, 8.756817e-02, 9.480442e-01, -2.469986e+00, 2.973862e+00, 4.758929e-10, 4.571192e-10, 3.488207e+01, -1.093815e-01
1.153800e+09, 8.744658e-02, 9.480761e-01, -2.481348e+00, 2.962948e+00, 4.760043e-10, 4.571515e-10, 3.484540e+01, -1.076723e-01
1.157600e+09, 8.731588e-02, 9.481085e-01, -2.492713e+00, 2.952033e+00, 4.761401e-10, 4.571842e-10, 3.480999e+01, -1.059415e-01
1.161400e+09, 8.717605e-02, 9.481414e-01, -2.504082e+00, 2.941117e+00, 4.763008e-10, 4.572172e-10, 3.477587e+01, -1.041899e-01
1.165200e+09, 8.702708e-02, 9.481748e-01, -2.515454e+00, 2.930200e+00, 4.764864e-10, 4.572505e-10, 3.474303e+01, -1.024181e-01
1.169000e+09, 8.686896e-02, 9.482086e-01, -2.526830e+00, 2.919283e+00, 4.766973e-10, 4.572841e-10, 3.471150e+01, -1.006267e-01
1.172800e+09, 8.670168e-02, 9.482429e-01, -2.538212e+00, 2.908365e+00, 4.769339e-10, 4.573179e-10, 3.468129e+01, -9.881650e-02
1.176600e+09, 8.652523e-02, 9.482777e-01, -2.549599e+00, 2.897446e+00, 4.771965e-10, 4.573521e-10, 3.465240e+01, -9.698809e-02
1.180400e+09, 8.633961e-02, 9.483128e-01, -2.560993e+00, 2.886526e+00, 4.774854e-10, 4.573866e-10, 3.462484e+01, -9.514220e-02
1.184200e+09, 8.614480e-02, 9.483484e-01, -2.572394e+00, 2.875605e+00, 4.778012e-10, 4.574213e-10, 3.459863e+01, -9.327954e-02
1.188000e+09, 8.594080e-02, 9.483843e-01, -2.583802e+00, 2.864684e+00, 4.781441e-10, 4.574562e-10, 3.457378e+01, -9.140081e-02
1.191800e+09, 8.572761e-02, 9.484206e-01, -2.595218e+00, 2.853762e+00, 4.785147e-10, 4.574914e-10, 3.455030e+01, -8.950675e-02
1.195600e+09, 8.550522e-02, 9.484573e-01, -2.606643e+00, 2.842839e+00, 4.789135e-10, 4.575268e-10, 3.452819e+01, -8.759809e-02
1.199400e+09, 8.527363e-02, 9.484943e-01, -2.618077e+00, 2.831915e+00, 4.793409e-10, 4.575624e-10, 3.450746e+01, -8.567557e-02
1.203200e+09, 8.503284e-02, 9.485317e-01, -2.629522e+00, 2.820990e+00, 4.797976e-10, 4.575982e-10, 3.448813e+01, -8.373994e-02
1.207000e+09, 8.478285e-02, 9.485693e-01, -2.640978e+00, 2.810064e+00, 4.802841e-10, 4.576342e-10, 3.447019e+01, -8.179195e-02
1.210800e+09, 8.452366e-02, 9.486073e-01, -2.652445e+00, 2.799138e+00, 4.808011e-10, 4.576704e-10, 3.445367e+01, -7.983238e-02
1.214600e+09, 8.425527e-02, 9.486455e-01, -2.663925e+00, 2.788210e+00, 4.813492e-10, 4.577068e-10, 3.443856e+01, -7.786199e-02
1.218400e+09, 8.397770e-02, 9.486840e-01, -2.675418e+00, 2.777282e+00, 4.819290e-10, 4.577433e-10, 3.442487e+01, -7.588156e-02
1.222200e+09, 8.369093e-02, 9.487227e-01, -2.686924e+00, 2.766353e+00, 4.825414e-10, 4.577800e-10, 3.441262e+01, -7.389188e-02
1.226000e+09, 8.339498e-02, 9.487617e-01, -2.698445e+00, 2.755423e+00, 4.831871e-10, 4.578168e-10, 3.440180e+01, -7.189374e-02
1.229800e+09, 8.308986e-02, 9.488009e-01, -2.709982e+00, 2.744492e+00, 4.838670e-10, 4.578538e-10, 3.439242e+01, -6.988795e-02
1.233600e+09, 8.277556e-02, 9.488403e-01, -2.721535e+00, 2.733560e+00, 4.845818e-10, 4.578909e-10, 3.438449e+01, -6.787529e-02
1.237400e+09, 8.245212e-02, 9.488798e-01, -2.733105e+00, 2.722628e+00, 4.853326e-10, 4.579280e-10, 3.437802e+01, -6.585658e-02
1.241200e+09, 8.211952e-02, 9.489196e-01, -2.744693e+00, 2.711694e+00, 4.861202e-10, 4.579653e-10, 3.437300e+01, -6.383264e-02
1.245000e+09, 8.177779e-02, 9.489595e-01, -2.756299e+00, 2.700760e+00, 4.869458e-10, 4.580027e-10, 3.436945e+01, -6.180429e-02
1.248800e+09, 8.142694e-02, 9.489995e-01, -2.767926e+00, 2.689824e+00, 4.878104e-10, 4.580402e-10, 3.436736e+01, -5.977234e-02
1.252600e+09, 8.106698e-02, 9.490397e-01, -2.779573e+00, 2.678888e+00, 4.887150e-10, 4.580777e-10, 3.436674e+01, -5.773762e-02
1.256400e+09, 8.069793e-02, 9.490800e-01, -2.791241e+00, 2.667951e+00, 4.896610e-10, 4.581153e-10, 3.436760e+01, -5.570098e-02
1.260200e+09, 8.031980e-02, 9.491204e-01, -2.802933e+00, 2.657013e+00, 4.906496e-10, 4.581530e-10, 3.436994e+01, -5.366323e-02
1.264000e+09, 7.993262e-02, 9.491609e-01, -2.814647e+00, 2.646074e+00, 4.916821e-10, 4.581907e-10, 3.437375e+01, -5.162522e-02
1.267800e+09, 7.953641e-02, 9.492014e-01, -2.826387e+00, 2.635134e+00, 4.927599e-10, 4.582284e-10, 3.437905e+01, -4.958778e-02
1.271600e+09, 7.913117e-02, 9.492420e-01, -2.838152e+00, 2.624194e+00, 4.938846e-10, 4.582661e-10, 3.438584e+01, -4.755176e-02
1.275400e+09, 7.871695e-02, 9.492826e-01, -2.849944e+00, 2.613252e+00, 4.950576e-10, 4.583039e-10, 3.439411e+01, -4.551801e-02
1.279200e+09, 7.829376e-02, 9.493232e-01, -2.861764e+00, 2.602309e+00, 4.962806e-10, 4.583417e-10, 3.440386e+01, -4.348736e-02
1.283000e+09, 7.786162e-02, 9.493638e-01, -2.873613e+00, 2.591366e+00, 4.975554e-10, 4.583795e-10, 3.441511e+01, -4.146066e-02
1.286800e+09, 7.742057e-02, 9.494045e-01, -2.885493e+00, 2.580422e+00, 4.988838e-10, 4.584173e-10, 3.442784e+01, -3.943877e-02
1.290600e+09, 7.697063e-02, 9.494451e-01, -2.897404e+00, 2.569477e+00, 5.002677e-10, 4.584550e-10, 3.444207e+01, -3.742252e-02
1.294400e+09, 7.651183e-02, 9.494856e-01, -2.909349e+00, 2.558530e+00, 5.017093e-10, 4.584927e-10, 3.445778e+01, -3.541277e-02
1.298200e+09, 7.604420e-02, 9.495261e-01, -2.921328e+00, 2.547583e+00, 5.032107e-10, 4.585304e-10, 3.447497e+01, -3.341035e-02
1.302000e+09, 7.556777e-02, 9.495666e-01, -2.933342e+00, 2.536635e+00, 5.047741e-10, 4.585681e-10, 3.449366e+01, -3.141613e-02
1.305800e+09, 7.508258e-02, 9.496069e-01, -2.945394e+00, 2.525687e+00, 5.064020e-10, 4.586057e-10, 3.451383e+01, -2.943094e-02
1.309600e+09, 7.458867e-02, 9.496472e-01, -2.957485e+00, 2.514737e+00, 5.080969e-10, 4.586432e-10, 3.453548e+01, -2.745563e-02
1.313400e+09, 7.408607e-02, 9.496873e-01, -2.969617e+00, 2.503786e+00, 5.098617e-10, 4.586807e-10, 3.455861e+01, -2.549104e-02
1.317200e+09, 7.357482e-02, 9.497273e-01, -2.981790e+00, 2.492835e+00, 5.116990e-10, 4.587180e-10, 3.458322e+01, -2.353801e-02
1.321000e+09, 7.305496e-02, 9.497672e-01, -2.994008e+00, 2.481882e+00, 5.136121e-10, 4.587553e-10, 3.460930e+01, -2.159737e-02
1.324800e+09, 7.252653e-02, 9.498069e-01, -3.006271e+00, 2.470929e+00, 5.156040e-10, 4.587925e-10, 3.463685e+01, -1.966996e-02
1.328600e+09, 7.198958e-02, 9.498465e-01, -3.018581e+00, 2.459975e+00, 5.176783e-10, 4.588296e-10, 3.466587e+01, -1.775661e-02
1.332400e+09, 7.144416e-02, 9.498858e-01, -3.030941e+00, 2.449020e+00, 5.198384e-10, 4.588666e-10, 3.469635e+01, -1.585814e-02
1.336200e+09, 7.089030e-02, 9.499250e-01, -3.043353e+00, 2.438064e+00, 5.220884e-10, 4.589034e-10, 3.472829e+01, -1.397539e-02
1.340000e+09, 7.032806e-02, 9.499639e-01, -3.055819e+00, 2.427107e+00, 5.244321e-10, 4.589401e-10, 3.476168e+01, -1.210916e-02
1.343800e+09, 6.975750e-02, 9.500026e-01, -3.068340e+00, 2.416149e+00, 5.268740e-10, 4.589767e-10, 3.479651e+01, -1.026028e-02
1.347600e+09, 6.917866e-02, 9.500410e-01, -3.080920e+00, 2.405191e+00, 5.294187e-10, 4.590131e-10, 3.483278e+01, -8.429544e-03
1.351400e+09, 6.859161e-02, 9.500792e-01, -3.093560e+00, 2.394231e+00, 5.320710e-10, 4.590493e-10, 3.487049e+01, -6.617761e-03
1.355200e+09, 6.799639e-02, 9.501171e-01, -3.106264e+00, 2.383271e+00, 5.348361e-10, 4.590854e-10, 3.490962e+01, -4.825729e-03
1.359000e+09, 6.739307e-02, 9.501548e-01, -3.119034e+00, 2.372310e+00, 5.377195e-10, 4.591213e-10, 3.495017e+01, -3.054237e-03
1.362800e+09, 6.678171e-02, 9.501921e-01, -3.131872e+00, 2.361348e+00, 5.407272e-10, 4.591570e-10, 3.499214e+01, -1.304070e-03
1.366600e+09, 6.616238e-02, 9.502291e-01, 3.138402e+00, 2.350385e+00, 5.438653e-10, 4.591926e-10, 3.503550e+01, 4.239935e-04
1.370400e+09, 6.553514e-02, 9.502658e-01, 3.125417e+00, 2.339421e+00, 5.471407e-10, 4.592279e-10, 3.508025e+01, 2.129183e-03
1.374200e+09, 6.490007e-02, 9.503021e-01, 3.112354e+00, 2.328457e+00, 5.505603e-10, 4.592630e-10, 3.512639e+01, 3.810736e-03
1.378000e+09, 6.425722e-02, 9.503381e-01, 3.099208e+00, 2.317491e+00, 5.541319e-10, 4.592978e-10, 3.517391e+01, 5.467897e-03
1.381800e+09, 6.360669e-02, 9.503737e-01, 3.085978e+00, 2.306525e+00, 5.578636e-10, 4.593325e-10, 3.522279e+01, 7.099918e-03
1.385600e+09, 6.294855e-02, 9.504089e-01, 3.072658e+00, 2.295558e+00, 5.617640e-10, 4.593669e-10, 3.527302e+01, 8.706060e-03
1.389400e+09, 6.228287e-02, 9.504437e-01, 3.059245e+00, 2.284590e+00, 5.658424e-10, 4.594010e-10, 3.532459e+01, 1.028559e-02
1.393200e+09, 6.160974e-02, 9.504781e-01, 3.045735e+00, 2.273621e+00, 5.701089e-10, 4.594349e-10, 3.537749e+01, 1.183780e-02
1.397000e+09, 6.092926e-02, 9.505121e-01, 3.032123e+00, 2.262652e+00, 5.745741e-10, 4.594685e-10, 3.543172e+01, 1.336195e-02
1.400800e+09, 6.024150e-02, 9.505456e-01, 3.018405e+00, 2.251682e+00, 5.792494e-10, 4.595018e-10, 3.548724e+01, 1.485737e-02
1.404600e+09, 5.954657e-02, 9.505787e-01, 3.004575e+00, 2.240710e+00, 5.841472e-10, 4.595348e-10, 3.554407e+01, 1.632334e-02
1.408400e+09, 5.884457e-02, 9.506113e-01, 2.990627e+00, 2.229739e+00, 5.892805e-10, 4.595675e-10, 3.560217e+01, 1.775920e-02
1.412200e+09, 5.813558e-02, 9.506434e-01, 2.976558e+00, 2.218766e+00, 5.946637e-10, 4.596000e-10, 3.566154e+01, 1.916426e-02
1.416000e+09, 5.741973e-02, 9.506750e-01, 2.962359e+00, 2.207792e+00, 6.003119e-10, 4.596321e-10, 3.572215e+01, 2.053786e-02
1.419800e+09, 5.669712e-02, 9.507061e-01, 2.948026e+00, 2.196818e+00, 6.062416e-10, 4.596638e-10, 3.578401e+01, 2.187936e-02
1.423600e+09, 5.596787e-02, 9.507367e-01, 2.933552e+00, 2.185843e+00, 6.124705e-10, 4.596953e-10, 3.584709e+01, 2.318810e-02
1.427400e+09, 5.523210e-02, 9.507668e-01, 2.918928e+00, 2.174867e+00, 6.190177e-10, 4.597263e-10, 3.591137e+01, 2.446347e-02
1.431200e+09, 5.448994e-02, 9.507963e-01, 2.904148e+00, 2.163891e+00, 6.259037e-10, 4.597571e-10, 3.597685e+01, 2.570485e-02
1.435000e+09, 5.374151e-02, 9.508252e-01, 2.889204e+00, 2.152914e+00, 6.331509e-10, 4.597874e-10, 3.604349e+01, 2.691162e-02
1.438800e+09, 5.298696e-02, 9.508536e-01, 2.874087e+00, 2.141936e+00, 6.407833e-10, 4.598174e-10, 3.611130e+01, 2.808320e-02
1.442600e+09, 5.222643e-02, 9.508814e-01, 2.858788e+00, 2.130957e+00, 6.488269e-10, 4.598470e-10, 3.618024e+01, 2.921900e-02
1.446400e+09, 5.146007e-02, 9.509086e-01, 2.843296e+00, 2.119978e+00, 6.573100e-10, 4.598762e-10, 3.625030e+01, 3.031845e-02
1.450200e+09, 5.068804e-02, 9.509352e-01, 2.827602e+00, 2.108998e+00, 6.662633e-10, 4.599050e-10, 3.632146e+01, 3.138100e-02
1.454000e+09, 4.991052e-02, 9.509611e-01, 2.811694e+00, 2.098017e+00, 6.757199e-10, 4.599333e-10, 3.639370e+01, 3.240610e-02
1.457800e+09, 4.912767e-02, 9.509864e-01, 2.795561e+00, 2.087036e+00, 6.857159e-10, 4.599613e-10, 3.646701e+01, 3.339322e-02
1.461600e+09, 4.833968e-02, 9.510111e-01, 2.779189e+00, 2.076054e+00, 6.962905e-10, 4.599888e-10, 3.654136e+01, 3.434184e-02
1.465400e+09, 4.754676e-02, 9.510351e-01, 2.762564e+00, 2.065071e+00, 7.074865e-10, 4.600158e-10, 3.661673e+01, 3.525145e-02
1.469200e+09, 4.674911e-02, 9.510585e-01, 2.745672e+00, 2.054087e+00, 7.193504e-10, 4.600424e-10, 3.669310e+01, 3.612157e-02
1.473000e+09, 4.594694e-02, 9.510811e-01, 2.728497e+00, 2.043103e+00, 7.319328e-10, 4.600686e-10, 3.677045e+01, 3.695172e-02
1.476800e+09, 4.514050e-02, 9.511031e-01, 2.711021e+00, 2.032119e+00, 7.452890e-10, 4.600942e-10, 3.684875e+01, 3.774143e-02
1.480600e+09, 4.433002e-02, 9.511244e-01, 2.693226e+00, 2.021133e+00, 7.594795e-10, 4.601194e-10, 3.692799e+01, 3.849024e-02
1.484400e+09, 4.351579e-02, 9.511449e-01, 2.675093e+00, 2.010148e+00, 7.745702e-10, 4.601441e-10, 3.700815e+01, 3.919773e-02
1.488200e+09, 4.269807e-02, 9.511647e-01, 2.656599e+00, 1.999161e+00, 7.906332e-10, 4.601683e-10, 3.708918e+01, 3.986348e-02
1.492000e+09, 4.187717e-02, 9.511838e-01, 2.637722e+00, 1.988174e+00, 8.077473e-10, 4.601920e-10, 3.717109e+01, 4.048707e-02
1.495800e+09, 4.105341e-02, 9.512021e-01, 2.618436e+00, 1.977187e+00, 8.259990e-10, 4.602151e-10, 3.725383e+01, 4.106810e-02
1.499600e+09, 4.022713e-02, 9.512197e-01, 2.598715e+00, 1.966198e+00, 8.454828e-10, 4.602377e-10, 3.733738e+01, 4.160621e-02
1.503400e+09, 3.939872e-02, 9.512365e-01, 2.578528e+00, 1.955210e+00, 8.663021e-10, 4.602598e-10, 3.742172e+01, 4.210103e-02
1.507200e+09, 3.856856e-02, 9.512525e-01, 2.557844e+00, 1.944221e+00, 8.885703e-10, 4.602813e-10, 3.750683e+01, 4.255221e-02
1.511000e+09, 3.773709e-02, 9.512678e-01, 2.536628e+00, 1.933231e+00, 9.124114e-10, 4.603023e-10, 3.759266e+01, 4.295941e-02
1.514800e+09, 3.690477e-02, 9.512822e-01, 2.514843e+00, 1.922241e+00, 9.379613e-10, 4.603227e-10, 3.767921e+01, 4.332232e-02
1.518600e+09, 3.607212e-02, 9.512958e-01, 2.492448e+00, 1.911250e+00, 9.653683e-10, 4.603426e-10, 3.776644e+01, 4.364064e-02
1.522400e+09, 3.523967e-02, 9.513087e-01, 2.469399e+00, 1.900259e+00, 9.947947e-10, 4.603618e-10, 3.785431e+01, 4.391407e-02
1.526200e+09, 3.440803e-02, 9.513206e-01, 2.445647e+00, 1.889267e+00, 1.026417e-09, 4.603805e-10, 3.794281e+01, 4.414234e-02
1.530000e+09, 3.357784e-02, 9.513318e-01, 2.421141e+00, 1.878275e+00, 1.060428e-09, 4.603985e-10, 3.803191e+01, 4.432520e-02
1.533800e+09, 3.274981e-02, 9.513421e-01, 2.395822e+00, 1.867282e+00, 1.097036e-09, 4.604160e-10, 3.812157e+01, 4.446241e-02
1.537600e+09, 3.192473e-02, 9.513516e-01, 2.369629e+00, 1.856289e+00, 1.136465e-09, 4.604328e-10, 3.821176e+01, 4.455373e-02
1.541400e+09, 3.110345e-02, 9.513601e-01, 2.342494e+00, 1.845296e+00, 1.178959e-09, 4.604490e-10, 3.830246e+01, 4.459897e-02
1.545200e+09, 3.028689e-02, 9.513679e-01, 2.314345e+00, 1.834302e+00, 1.224775e-09, 4.604646e-10, 3.839362e+01, 4.459794e-02
1.549000e+09, 2.947610e-02, 9.513747e-01, 2.285103e+00, 1.823308e+00, 1.274186e-09, 4.604795e-10, 3.848523e+01, 4.455044e-02
1.552800e+09, 2.867220e-02, 9.513807e-01, 2.254680e+00, 1.812314e+00, 1.327477e-09, 4.604938e-10, 3.857725e+01, 4.445633e-02
1.556600e+09, 2.787645e-02, 9.513858e-01, 2.222985e+00, 1.801319e+00, 1.384940e-09, 4.605074e-10, 3.866964e+01, 4.431546e-02
1.560400e+09, 2.709024e-02, 9.513899e-01, 2.189918e+00, 1.790324e+00, 1.446871e-09, 4.605204e-10, 3.876238e+01, 4.412771e-02
1.564200e+09, 2.631510e-02, 9.513932e-01, 2.155372e+00, 1.779329e+00, 1.513554e-09, 4.605326e-10, 3.885542e+01, 4.389295e-02
1.568000e+09, 2.555271e-02, 9.513956e-01, 2.119235e+00, 1.768333e+00, 1.585254e-09, 4.605443e-10, 3.894874e+01, 4.361111e-02
1.571800e+09, 2.480495e-02, 9.513970e-01, 2.081385e+00, 1.757337e+00, 1.662198e-09, 4.605552e-10, 3.904230e+01, 4.328211e-02
1.575600e+09, 2.407389e-02, 9.513975e-01, 2.041698e+00, 1.746341e+00, 1.744548e-09, 4.605654e-10, 3.913607e+01, 4.290588e-02
1.579400e+09, 2.336179e-02, 9.513971e-01, 2.000045e+00, 1.735344e+00, 1.832373e-09, 4.605750e-10, 3.923000e+01, 4.248238e-02
1.583200e+09, 2.267118e-02, 9.513958e-01, 1.956295e+00, 1.724347e+00, 1.925612e-09, 4.605838e-10, 3.932407e+01, 4.201159e-02
1.587000e+09, 2.200479e-02, 9.513935e-01, 1.910319e+00, 1.713350e+00, 2.024024e-09, 4.605919e-10, 3.941824e+01, 4.149351e-02
1.590800e+09, 2.136563e-02, 9.513903e-01, 1.861993e+00, 1.702353e+00, 2.127137e-09, 4.605993e-10, 3.951247e+01, 4.092813e-02
1.594600e+09, 2.075694e-02, 9.513861e-01, 1.811206e+00, 1.691356e+00, 2.234192e-09, 4.606060e-10, 3.960673e+01, 4.031549e-02
1.598400e+09, 2.018223e-02, 9.513809e-01, 1.757862e+00, 1.680358e+00, 2.344074e-09, 4.606120e-10, 3.970097e+01, 3.965563e-02
1.602200e+09, 1.964522e-02, 9.513749e-01, 1.701894e+00, 1.669361e+00, 2.455269e-09, 4.606172e-10, 3.979516e+01, 3.894862e-02
1.606000e+09, 1.914983e-02, 9.513678e-01, 1.643272e+00, 1.658363e+00, 2.565823e-09, 4.606217e-10, 3.988926e+01, 3.819454e-02
1.609800e+09, 1.870009e-02, 9.513598e-01, 1.582010e+00, 1.647365e+00, 2.673337e-09, 4.606255e-10, 3.998323e+01, 3.739347e-02
1.613600e+09, 1.830012e-02, 9.513508e-01, 1.518181e+00, 1.636367e+00, 2.775008e-09, 4.606285e-10, 4.007704e+01, 3.654555e-02
1.617400e+09, 1.795396e-02, 9.513409e-01, 1.451925e+00, 1.625369e+00, 2.867731e-09, 4.606307e-10, 4.017064e+01, 3.565090e-02
1.621200e+09, 1.766549e-02, 9.513300e-01, 1.383455e+00, 1.614371e+00, 2.948267e-09, 4.606322e-10, 4.026400e+01, 3.470967e-02
1.625000e+09, 1.743827e-02, 9.513181e-01, 1.313062e+00, 1.603373e+00, 3.013466e-09, 4.606330e-10, 4.035707e+01, 3.372204e-02
1.628800e+09, 1.727542e-02, 9.513052e-01, 1.241112e+00, 1.592375e+00, 3.060546e-09, 4.606329e-10, 4.044982e+01, 3.268820e-02
1.632600e+09, 1.717941e-02, 9.512913e-01, 1.168038e+00, 1.581377e+00, 3.087359e-09, 4.606321e-10, 4.054220e+01, 3.160834e-02
1.636400e+09, 1.715200e-02, 9.512765e-01, 1.094324e+00, 1.570379e+00, 3.092628e-09, 4.606306e-10, 4.063418e+01, 3.048270e-02
1.640200e+09, 1.719414e-02, 9.512607e-01, 1.020484e+00, 1.559381e+00, 3.076098e-09, 4.606283e-10, 4.072571e+01, 2.931151e-02
1.644000e+09, 1.730590e-02, 9.512439e-01, 9.470386e-01, 1.548383e+00, 3.038559e-09, 4.606252e-10, 4.081675e+01, 2.809504e-02
1.647800e+09, 1.748647e-02, 9.512261e-01, 8.744896e-01, 1.537385e+00, 2.981759e-09, 4.606213e-10, 4.090726e+01, 2.683358e-02
1.651600e+09, 1.773428e-02, 9.512074e-01, 8.032969e-01, 1.526387e+00, 2.908204e-09, 4.606166e-10, 4.099720e+01, 2.552740e-02
1.655400e+09, 1.804703e-02, 9.511877e-01, 7.338603e-01, 1.515389e+00, 2.820902e-09, 4.606112e-10, 4.108653e+01, 2.417685e-02
1.659200e+09, 1.842186e-02, 9.511670e-01, 6.665081e-01, 1.504392e+00, 2.723078e-09, 4.606050e-10, 4.117521e+01, 2.278224e-02
1.663000e+09, 1.885546e-02, 9.511453e-01, 6.014916e-01, 1.493394e+00, 2.617928e-09, 4.605980e-10, 4.126319e+01, 2.134393e-02
1.666800e+09, 1.934425e-02, 9.511226e-01, 5.389857e-01, 1.482397e+00, 2.508419e-09, 4.605902e-10, 4.135043e+01, 1.986230e-02
1.670600e+09, 1.988449e-02, 9.510990e-01, 4.790945e-01, 1.471400e+00, 2.397154e-09, 4.605816e-10, 4.143689e+01, 1.833773e-02
1.674400e+09, 2.047242e-02, 9.510743e-01, 4.218598e-01, 1.460403e+00, 2.286305e-09, 4.605722e-10, 4.152254e+01, 1.677064e-02
1.678200e+09, 2.110430e-02, 9.510488e-01, 3.672717e-01, 1.449406e+00, 2.177600e-09, 4.605621e-10, 4.160732e+01, 1.516145e-02
1.682000e+09, 2.177655e-02, 9.510222e-01, 3.152791e-01, 1.438410e+00, 2.072340e-09, 4.605511e-10, 4.169119e+01, 1.351061e-02
1.685800e+09, 2.248574e-02, 9.509947e-01, 2.657997e-01, 1.427414e+00, 1.971451e-09, 4.605394e-10, 4.177412e+01, 1.181858e-02
1.689600e+09, 2.322866e-02, 9.509662e-01, 2.187291e-01, 1.416418e+00, 1.875536e-09, 4.605269e-10, 4.185606e+01, 1.008584e-02
1.693400e+09, 2.400233e-02, 9.509368e-01, 1.739486e-01, 1.405422e+00, 1.784942e-09, 4.605136e-10, 4.193697e+01, 8.312895e-03
1.697200e+09, 2.480398e-02, 9.509064e-01, 1.313312e-01, 1.394427e+00, 1.699811e-09, 4.604995e-10, 4.201680e+01, 6.500267e-03
1.701000e+09, 2.563108e-02, 9.508751e-01, 9.074629e-02, 1.383432e+00, 1.620133e-09, 4.604847e-10, 4.209553e+01, 4.648489e-03
1.704800e+09, 2.648131e-02, 9.508428e-01, 5.206382e-02, 1.372437e+00, 1.545785e-09, 4.604690e-10, 4.217310e+01, 2.758119e-03
1.708600e+09, 2.735257e-02, 9.508096e-01, 1.515650e-02, 1.361443e+00, 1.476569e-09, 4.604526e-10, 4.224948e+01, 8.297272e-04
1.712400e+09, 2.824292e-02, 9.507754e-01, -2.009822e-02, 1.350449e+00, 1.412237e-09, 4.604354e-10, 4.232462e+01, -1.136094e-03
1.716200e+09, 2.915062e-02, 9.507404e-01, -5.381693e-02, 1.339456e+00, 1.352511e-09, 4.604175e-10, 4.239848e+01, -3.138736e-03
1.720000e+09, 3.007408e-02, 9.507044e-01, -8.610962e-02, 1.328463e+00, 1.297099e-09, 4.603987e-10, 4.247103e+01, -5.177574e-03
1.723800e+09, 3.101186e-02, 9.506675e-01, -1.170793e-01, 1.317470e+00, 1.245707e-09, 4.603792e-10, 4.254223e+01, -7.251963e-03
1.727600e+09, 3.196266e-02, 9.506296e-01, -1.468219e-01, 1.306478e+00, 1.198046e-09, 4.603589e-10, 4.261203e+01, -9.361244e-03
1.731400e+09, 3.292526e-02, 9.505909e-01, -1.754266e-01, 1.295487e+00, 1.153836e-09, 4.603379e-10, 4.268040e+01, -1.150474e-02
1.735200e+09, 3.389859e-02, 9.505513e-01, -2.029757e-01, 1.284496e+00, 1.112811e-09, 4.603161e-10, 4.274730e+01, -1.368175e-02
1.739000e+09, 3.488165e-02, 9.505108e-01, -2.295453e-01, 1.273505e+00, 1.074722e-09, 4.602936e-10, 4.281270e+01, -1.589157e-02
1.742800e+09, 3.587352e-02, 9.504695e-01, -2.552054e-01, 1.262515e+00, 1.039335e-09, 4.602703e-10, 4.287654e+01, -1.813348e-02
1.746600e+09, 3.687338e-02, 9.504272e-01, -2.800207e-01, 1.251526e+00, 1.006433e-09, 4.602463e-10, 4.293881e+01, -2.040672e-02
1.750400e+09, 3.788044e-02, 9.503842e-01, -3.040504e-01, 1.240537e+00, 9.758169e-10, 4.602215e-10, 4.299946e+01, -2.271053e-02
1.754200e+09, 3.889401e-02, 9.503402e-01, -3.273491e-01, 1.229548e+00, 9.473015e-10, 4.601960e-10, 4.305845e+01, -2.504415e-02
1.758000e+09, 3.991343e-02, 9.502955e-01, -3.499670e-01, 1.218561e+00, 9.207178e-10, 4.601698e-10, 4.311576e+01, -2.740679e-02
1.761800e+09, 4.093809e-02, 9.502499e-01, -3.719501e-01, 1.207574e+00, 8.959107e-10, 4.601428e-10, 4.317135e+01, -2.979763e-02
1.765600e+09, 4.196742e-02, 9.502034e-01, -3.933410e-01, 1.196587e+00, 8.727384e-10, 4.601152e-10, 4.322518e+01, -3.221586e-02
1.769400e+09, 4.300090e-02, 9.501562e-01, -4.141786e-01, 1.185601e+00, 8.510710e-10, 4.600868e-10, 4.327723e+01, -3.466063e-02
1.773200e+09, 4.403804e-02, 9.501082e-01, -4.344989e-01, 1.174616e+00, 8.307901e-10, 4.600577e-10, 4.332746e+01, -3.713112e-02
1.777000e+09, 4.507838e-02, 9.500594e-01, -4.543349e-01, 1.163632e+00, 8.117874e-10, 4.600280e-10, 4.337584e+01, -3.962644e-02
1.780800e+09, 4.612149e-02, 9.500098e-01, -4.737172e-01, 1.152648e+00, 7.939639e-10, 4.599975e-10, 4.342235e+01, -4.214573e-02
1.784600e+09, 4.716695e-02, 9.499595e-01, -4.926740e-01, 1.141665e+00, 7.772295e-10, 4.599664e-10, 4.346694e+01, -4.468809e-02
1.788400e+09, 4.821438e-02, 9.499084e-01, -5.112312e-01, 1.130683e+00, 7.615016e-10, 4.599347e-10, 4.350961e+01, -4.725263e-02
1.792200e+09, 4.926342e-02, 9.498566e-01, -5.294129e-01, 1.119702e+00, 7.467048e-10, 4.599022e-10, 4.355031e+01, -4.983843e-02
1.796000e+09, 5.031373e-02, 9.498041e-01, -5.472413e-01, 1.108721e+00, 7.327700e-10, 4.598691e-10, 4.358903e+01, -5.244457e-02
1.799800e+09, 5.136496e-02, 9.497508e-01, -5.647370e-01, 1.097741e+00, 7.196343e-10, 4.598354e-10, 4.362573e+01, -5.507011e-02
1.803600e+09, 5.241682e-02, 9.496969e-01, -5.819190e-01, 1.086762e+00, 7.072397e-10, 4.598010e-10, 4.366040e+01, -5.771409e-02
1.807400e+09, 5.346899e-02, 9.496423e-01, -5.988052e-01, 1.075784e+00, 6.955334e-10, 4.597661e-10, 4.369302e+01, -6.037558e-02
1.811200e+09, 5.452119e-02, 9.495870e-01, -6.154118e-01, 1.064806e+00, 6.844666e-10, 4.597305e-10, 4.372355e+01, -6.305359e-02
1.815000e+09, 5.557315e-02, 9.495310e-01, -6.317542e-01, 1.053830e+00, 6.739949e-10, 4.596943e-10, 4.375199e+01, -6.574714e-02
1.818800e+09, 5.662459e-02, 9.494745e-01, -6.478466e-01, 1.042854e+00, 6.640773e-10, 4.596575e-10, 4.377830e+01, -6.845526e-02
1.822600e+09, 5.767526e-02, 9.494173e-01, -6.637021e-01, 1.031879e+00, 6.546761e-10, 4.596201e-10, 4.380249e+01, -7.117695e-02
1.826400e+09, 5.872492e-02, 9.493595e-01, -6.793333e-01, 1.020905e+00, 6.457566e-10, 4.595822e-10, 4.382452e+01, -7.391121e-02
1.830200e+09, 5.977332e-02, 9.493011e-01, -6.947514e-01, 1.009932e+00, 6.372869e-10, 4.595437e-10, 4.384438e+01, -7.665701e-02
1.834000e+09, 6.082023e-02, 9.492421e-01, -7.099673e-01, 9.989602e-01, 6.292376e-10, 4.595047e-10, 4.386206e+01, -7.941336e-02
1.837800e+09, 6.186542e-02, 9.491826e-01, -7.249911e-01, 9.879891e-01, 6.215813e-10, 4.594651e-10, 4.387754e+01, -8.217922e-02
1.841600e+09, 6.290868e-02, 9.491226e-01, -7.398320e-01, 9.770188e-01, 6.142932e-10, 4.594250e-10, 4.389082e+01, -8.495357e-02
1.845400e+09, 6.394980e-02, 9.490620e-01, -7.544989e-01, 9.660495e-01, 6.073498e-10, 4.593844e-10, 4.390189e+01, -8.773537e-02
1.849200e+09, 6.498855e-02, 9.490009e-01, -7.690001e-01, 9.550812e-01, 6.007298e-10, 4.593433e-10, 4.391073e+01, -9.052359e-02
1.853000e+09, 6.602474e-02, 9.489393e-01, -7.833432e-01, 9.441139e-01, 5.944132e-10, 4.593018e-10, 4.391733e+01, -9.331717e-02
1.856800e+09, 6.705817e-02, 9.488773e-01, -7.975355e-01, 9.331476e-01, 5.883816e-10, 4.592597e-10, 4.392170e+01, -9.611508e-02
1.860600e+09, 6.808865e-02, 9.488148e-01, -8.115837e-01, 9.221822e-01, 5.826179e-10, 4.592172e-10, 4.392382e+01, -9.891625e-02
1.864400e+09, 6.911598e-02, 9.487519e-01, -8.254944e-01, 9.112179e-01, 5.771061e-10, 4.591743e-10, 4.392370e+01, -1.017197e-01
1.868200e+09, 7.013998e-02, 9.486886e-01, -8.392734e-01, 9.002546e-01, 5.718315e-10, 4.591309e-10, 4.392132e+01, -1.045242e-01
1.872000e+09, 7.116046e-02, 9.486248e-01, -8.529265e-01, 8.892924e-01, 5.667803e-10, 4.590872e-10, 4.391670e+01, -1.073289e-01
1.875800e+09, 7.217725e-02, 9.485607e-01, -8.664590e-01, 8.783312e-01, 5.619397e-10, 4.590430e-10, 4.390983e+01, -1.101326e-01
1.879600e+09, 7.319016e-02, 9.484963e-01, -8.798759e-01, 8.673710e-01, 5.572977e-10, 4.589985e-10, 4.390071e+01, -1.129344e-01
1.883400e+09, 7.419902e-02, 9.484315e-01, -8.931820e-01, 8.564119e-01, 5.528432e-10, 4.589535e-10, 4.388934e+01, -1.157331e-01
1.887200e+09, 7.520365e-02, 9.483663e-01, -9.063818e-01, 8.454539e-01, 5.485659e-10, 4.589083e-10, 4.387574e+01, -1.185277e-01
1.891000e+09, 7.620390e-02, 9.483009e-01, -9.194794e-01, 8.344969e-01, 5.444559e-10, 4.588627e-10, 4.385990e+01, -1.213171e-01
1.894800e+09, 7.719959e-02, 9.482352e-01, -9.324789e-01, 8.235411e-01, 5.405042e-10, 4.588168e-10, 4.384184e+01, -1.241003e-01
1.898600e+09, 7.819055e-02, 9.481693e-01, -9.453840e-01, 8.125863e-01, 5.367024e-10, 4.587705e-10, 4.382156e+01, -1.268762e-01
1.902400e+09, 7.917664e-02, 9.481031e-01, -9.581984e-01, 8.016327e-01, 5.330423e-10, 4.587240e-10, 4.379908e+01, -1.296439e-01
1.906200e+09, 8.015767e-02, 9.480367e-01, -9.709254e-01, 7.906801e-01, 5.295167e-10, 4.586773e-10, 4.377439e+01, -1.324022e-01
1.910000e+09, 8.113350e-02, 9.479701e-01, -9.835682e-01, 7.797287e-01, 5.261184e-10, 4.586302e-10, 4.374753e+01, -1.351502e-01
1.913800e+09, 8.210397e-02, 9.479033e-01, -9.961298e-01, 7.687784e-01, 5.228408e-10, 4.585830e-10, 4.371849e+01, -1.378867e-01
1.917600e+09, 8.306892e-02, 9.478364e-01, -1.008613e+00, 7.578292e-01, 5.196780e-10, 4.585355e-10, 4.368731e+01, -1.406108e-01
1.921400e+09, 8.402821e-02, 9.477693e-01, -1.021021e+00, 7.468812e-01, 5.166239e-10, 4.584878e-10, 4.365398e+01, -1.433214e-01
1.925200e+09, 8.498167e-02, 9.477021e-01, -1.033356e+00, 7.359343e-01, 5.136731e-10, 4.584400e-10, 4.361854e+01, -1.460176e-01
1.929000e+09, 8.592916e-02, 9.476349e-01, -1.045621e+00, 7.249885e-01, 5.108206e-10, 4.583919e-10, 4.358099e+01, -1.486984e-01
1.932800e+09, 8.687054e-02, 9.475676e-01, -1.057817e+00, 7.140439e-01, 5.080615e-10, 4.583438e-10, 4.354137e+01, -1.513626e-01
1.936600e+09, 8.780565e-02, 9.475002e-01, -1.069948e+00, 7.031004e-01, 5.053911e-10, 4.582955e-10, 4.349969e+01, -1.540094e-01
1.940400e+09, 8.873435e-02, 9.474328e-01, -1.082014e+00, 6.921581e-01, 5.028053e-10, 4.582470e-10, 4.345597e+01, -1.566378e-01
1.944200e+09, 8.965649e-02, 9.473654e-01, -1.094019e+00, 6.812170e-01, 5.002999e-10, 4.581985e-10, 4.341024e+01, -1.592468e-01
1.948000e+09, 9.057194e-02, 9.472981e-01, -1.105965e+00, 6.702770e-01, 4.978711e-10, 4.581500e-10, 4.336252e+01, -1.618354e-01
1.951800e+09, 9.148055e-02, 9.472308e-01, -1.117852e+00, 6.593381e-01, 4.955152e-10, 4.581013e-10, 4.331283e+01, -1.644027e-01
1.955600e+09, 9.238219e-02, 9.471635e-01, -1.129683e+00, 6.484005e-01, 4.932289e-10, 4.580527e-10, 4.326122e+01, -1.669478e-01
1.959400e+09, 9.327671e-02, 9.470964e-01, -1.141459e+00, 6.374640e-01, 4.910089e-10, 4.580040e-10, 4.320769e+01, -1.694697e-01
1.963200e+09, 9.416397e-02, 9.470293e-01, -1.153182e+00, 6.265286e-01, 4.888520e-10, 4.579553e-10, 4.315229e+01, -1.719675e-01
1.967000e+09, 9.504385e-02, 9.469624e-01, -1.164854e+00, 6.155944e-01, 4.867555e-10, 4.579067e-10, 4.309504e+01, -1.744402e-01
1.970800e+09, 9.591621e-02, 9.468957e-01, -1.176476e+00, 6.046614e-01, 4.847165e-10, 4.578581e-10, 4.303596e+01, -1.768871e-01
1.974600e+09, 9.678091e-02, 9.468291e-01, -1.188049e+00, 5.937295e-01, 4.827324e-10, 4.578095e-10, 4.297511e+01, -1.793072e-01
1.978400e+09, 9.763782e-02, 9.467628e-01, -1.199575e+00, 5.827988e-01, 4.808008e-10, 4.577611e-10, 4.291249e+01, -1.816996e-01
1.982200e+09, 9.848682e-02, 9.466967e-01, -1.211055e+00, 5.718693e-01, 4.789192e-10, 4.577127e-10, 4.284816e+01, -1.840635e-01
1.986000e+09, 9.932776e-02, 9.466308e-01, -1.222489e+00, 5.609409e-01, 4.770854e-10, 4.576645e-10, 4.278214e+01, -1.863981e-01
1.989800e+09, 1.001605e-01, 9.465652e-01, -1.233880e+00, 5.500136e-01, 4.752973e-10, 4.576164e-10, 4.271447e+01, -1.887025e-01
1.993600e+09, 1.009850e-01, 9.464999e-01, -1.245229e+00, 5.390875e-01, 4.735528e-10, 4.575684e-10, 4.264517e+01, -1.909759e-01
1.997400e+09, 1.018010e-01, 9.464349e-01, -1.256535e+00, 5.281626e-01, 4.718500e-10, 4.575207e-10, 4.257430e+01, -1.932175e-01
2.001200e+09, 1.026085e-01, 9.463703e-01, -1.267801e+00, 5.172388e-01, 4.701871e-10, 4.574731e-10, 4.250189e+01, -1.954265e-01
2.005000e+09, 1.034073e-01, 9.463060e-01, -1.279027e+00, 5.063161e-01, 4.685623e-10, 4.574258e-10, 4.242797e+01, -1.976022e-01
2.008800e+09, 1.041973e-01, 9.462421e-01, -1.290215e+00, 4.953945e-01, 4.669739e-10, 4.573787e-10, 4.235258e+01, -1.997437e-01
2.012600e+09, 1.049784e-01, 9.461787e-01, -1.301364e+00, 4.844741e-01, 4.654204e-10, 4.573319e-10, 4.227576e+01, -2.018505e-01
2.016400e+09, 1.057505e-01, 9.461157e-01, -1.312477e+00, 4.735548e-01, 4.639001e-10, 4.572854e-10, 4.219755e+01, -2.039217e-01
2.020200e+09, 1.065134e-01, 9.460531e-01, -1.323553e+00, 4.626366e-01, 4.624117e-10, 4.572392e-10, 4.211798e+01, -2.059566e-01
2.024000e+09, 1.072670e-01, 9.459910e-01, -1.334594e+00, 4.517195e-01, 4.609538e-10, 4.571933e-10, 4.203711e+01, -2.079545e-01
2.027800e+09, 1.080112e-01, 9.459294e-01, -1.345599e+00, 4.408035e-01, 4.595249e-10, 4.571478e-10, 4.195497e+01, -2.099148e-01
2.031600e+09, 1.087459e-01, 9.458684e-01, -1.356571e+00, 4.298886e-01, 4.581239e-10, 4.571026e-10, 4.187159e+01, -2.118368e-01
2.035400e+09, 1.094710e-01, 9.458079e-01, -1.367509e+00, 4.189748e-01, 4.567495e-10, 4.570578e-10, 4.178703e+01, -2.137199e-01
2.039200e+09, 1.101863e-01, 9.457480e-01, -1.378415e+00, 4.080620e-01, 4.554005e-10, 4.570134e-10, 4.170132e+01, -2.155634e-01
2.043000e+09, 1.108918e-01, 9.456886e-01, -1.389288e+00, 3.971503e-01, 4.540758e-10, 4.569695e-10, 4.161450e+01, -2.173667e-01
2.046800e+09, 1.115873e-01, 9.456299e-01, -1.400129e+00, 3.862397e-01, 4.527744e-10, 4.569260e-10, 4.152662e+01, -2.191293e-01
2.050600e+09, 1.122728e-01, 9.455719e-01, -1.410940e+00, 3.753301e-01, 4.514951e-10, 4.568830e-10, 4.143772e+01, -2.208506e-01
2.054400e+09, 1.129481e-01, 9.455144e-01, -1.421720e+00, 3.644215e-01, 4.502370e-10, 4.568405e-10, 4.134784e+01, -2.225299e-01
2.058200e+09, 1.136131e-01, 9.454577e-01, -1.432470e+00, 3.535139e-01, 4.489992e-10, 4.567985e-10, 4.125702e+01, -2.241669e-01
2.062000e+09, 1.142677e-01, 9.454017e-01, -1.443190e+00, 3.426073e-01, 4.477806e-10, 4.567570e-10, 4.116531e+01, -2.257608e-01
2.065800e+09, 1.149119e-01, 9.453464e-01, -1.453881e+00, 3.317018e-01, 4.465805e-10, 4.567160e-10, 4.107275e+01, -2.273114e-01
2.069600e+09, 1.155454e-01, 9.452919e-01, -1.464544e+00, 3.207972e-01, 4.453980e-10, 4.566757e-10, 4.097938e+01, -2.288180e-01
2.073400e+09, 1.161682e-01, 9.452381e-01, -1.475178e+00, 3.098935e-01, 4.442322e-10, 4.566359e-10, 4.088525e+01, -2.302802e-01
2.077200e+09, 1.167802e-01, 9.451851e-01, -1.485785e+00, 2.989908e-01, 4.430823e-10, 4.565968e-10, 4.079039e+01, -2.316975e-01
2.081000e+09, 1.173814e-01, 9.451330e-01, -1.496364e+00, 2.880891e-01, 4.419476e-10, 4.565583e-10, 4.069486e+01, -2.330695e-01
2.084800e+09, 1.179715e-01, 9.450816e-01, -1.506916e+00, 2.771883e-01, 4.408273e-10, 4.565204e-10, 4.059869e+01, -2.343959e-01
2.088600e+09, 1.185506e-01, 9.450311e-01, -1.517441e+00, 2.662883e-01, 4.397208e-10, 4.564832e-10, 4.050192e+01, -2.356761e-01
2.092400e+09, 1.191184e-01, 9.449815e-01, -1.527940e+00, 2.553893e-01, 4.386272e-10, 4.564467e-10, 4.040461e+01, -2.369098e-01
2.096200e+09, 1.196750e-01, 9.449328e-01, -1.538413e+00, 2.444911e-01, 4.375460e-10, 4.564109e-10, 4.030679e+01, -2.380968e-01
2.100000e+09, 1.202201e-01, 9.448850e-01, -1.548860e+00, 2.335938e-01, 4.364765e-10, 4.563759e-10, 4.020850e+01, -2.392365e-01
2.103800e+09, 1.207539e-01, 9.448382e-01, -1.559281e+00, 2.226973e-01, 4.354180e-10, 4.563416e-10, 4.010979e+01, -2.403287e-01
2.107600e+09, 1.212760e-01, 9.447923e-01, -1.569677e+00, 2.118017e-01, 4.343700e-10, 4.563081e-10, 4.001070e+01, -2.413731e-01
2.111400e+09, 1.217865e-01, 9.447473e-01, -1.580048e+00, 2.009068e-01, 4.333317e-10, 4.562753e-10, 3.991128e+01, -2.423694e-01
2.115200e+09, 1.222853e-01, 9.447034e-01, -1.590394e+00, 1.900127e-01, 4.323027e-10, 4.562434e-10, 3.981156e+01, -2.433174e-01
2.119000e+09, 1.227722e-01, 9.446604e-01, -1.600716e+00, 1.791194e-01, 4.312824e-10, 4.562123e-10, 3.971158e+01, -2.442167e-01
2.122800e+09, 1.232472e-01, 9.446185e-01, -1.611013e+00, 1.682268e-01, 4.302702e-10, 4.561820e-10, 3.961139e+01, -2.450672e-01
2.126600e+09, 1.237103e-01, 9.445776e-01, -1.621287e+00, 1.573350e-01, 4.292656e-10, 4.561526e-10, 3.951104e+01, -2.458686e-01
2.130400e+09, 1.241612e-01, 9.445378e-01, -1.631536e+00, 1.464438e-01, 4.282680e-10, 4.561241e-10, 3.941055e+01, -2.466207e-01
2.134200e+09, 1.246000e-01, 9.444991e-01, -1.641761e+00, 1.355534e-01, 4.272769e-10, 4.560965e-10, 3.930997e+01, -2.473234e-01
2.138000e+09, 1.250266e-01, 9.444615e-01, -1.651963e+00, 1.246636e-01, 4.262919e-10, 4.560698e-10, 3.920935e+01, -2.479765e-01
2.141800e+09, 1.254408e-01, 9.444249e-01, -1.662141e+00, 1.137744e-01, 4.253123e-10, 4.560440e-10, 3.910871e+01, -2.485799e-01
2.145600e+09, 1.258426e-01, 9.443895e-01, -1.672296e+00, 1.028859e-01, 4.243378e-10, 4.560191e-10, 3.900811e+01, -2.491334e-01
2.149400e+09, 1.262320e-01, 9.443553e-01, -1.682427e+00, 9.199789e-02, 4.233678e-10, 4.559953e-10, 3.890758e+01, -2.496369e-01
2.153200e+09, 1.266088e-01, 9.443222e-01, -1.692536e+00, 8.111050e-02, 4.224019e-10, 4.559724e-10, 3.880716e+01, -2.500903e-01
2.157000e+09, 1.269730e-01, 9.442903e-01, -1.702621e+00, 7.022366e-02, 4.214395e-10, 4.559505e-10, 3.870690e+01, -2.504936e-01
2.160800e+09, 1.273245e-01, 9.442596e-01, -1.712683e+00, 5.933734e-02, 4.204803e-10, 4.559296e-10, 3.860681e+01, -2.508467e-01
2.164600e+09, 1.276632e-01, 9.442300e-01, -1.722723e+00, 4.845151e-02, 4.195238e-10, 4.559098e-10, 3.850696e+01, -2.511496e-01
2.168400e+09, 1.279891e-01, 9.442017e-01, -1.732739e+00, 3.756616e-02, 4.185695e-10, 4.558910e-10, 3.840737e+01, -2.514023e-01
2.172200e+09, 1.283021e-01, 9.441747e-01, -1.742733e+00, 2.668126e-02, 4.176170e-10, 4.558733e-10, 3.830808e+01, -2.516048e-01
2.176000e+09, 1.286021e-01, 9.441488e-01, -1.752704e+00, 1.579678e-02, 4.166658e-10, 4.558566e-10, 3.820913e+01, -2.517570e-01
2.179800e+09, 1.288891e-01, 9.441243e-01, -1.762653e+00, 4.912705e-03, 4.157155e-10, 4.558410e-10, 3.811056e+01, -2.518591e-01
2.183600e+09, 1.291630e-01, 9.441010e-01, -1.772578e+00, -5.971003e-03, 4.147656e-10, 4.558265e-10, 3.801240e+01, -2.519111e-01
2.187400e+09, 1.294237e-01, 9.440790e-01, -1.782481e+00, -1.685436e-02, 4.138158e-10, 4.558132e-10, 3.791469e+01, -2.519131e-01
2.191200e+09, 1.296712e-01, 9.440582e-01, -1.792362e+00, -2.773741e-02, 4.128655e-10, 4.558009e-10, 3.781746e+01, -2.518651e-01
2.195000e+09, 1.299054e-01, 9.440388e-01, -1.802219e+00, -3.862016e-02, 4.119144e-10, 4.557899e-10, 3.772075e+01, -2.517674e-01
2.198800e+09, 1.301263e-01, 9.440207e-01, -1.812054e+00, -4.950264e-02, 4.109620e-10, 4.557799e-10, 3.762459e+01, -2.516199e-01
2.202600e+09, 1.303338e-01, 9.440039e-01, -1.821866e+00, -6.038489e-02, 4.100078e-10, 4.557712e-10, 3.752902e+01, -2.514230e-01
2.206400e+09, 1.305279e-01, 9.439884e-01, -1.831656e+00, -7.126693e-02, 4.090515e-10, 4.557636e-10, 3.743407e+01, -2.511766e-01
2.210200e+09, 1.307084e-01, 9.439743e-01, -1.841422e+00, -8.214879e-02, 4.080926e-10, 4.557572e-10, 3.733978e+01, -2.508811e-01
2.214000e+09, 1.308754e-01, 9.439616e-01, -1.851166e+00, -9.303050e-02, 4.071306e-10, 4.557520e-10, 3.724617e+01, -2.505367e-01
2.217800e+09, 1.310288e-01, 9.439502e-01, -1.860887e+00, -1.039121e-01, 4.061651e-10, 4.557480e-10, 3.715329e+01, -2.501435e-01
2.221600e+09, 1.311685e-01, 9.439401e-01, -1.870584e+00, -1.147936e-01, 4.051957e-10, 4.557452e-10, 3.706115e+01, -2.497018e-01
2.225400e+09, 1.312945e-01, 9.439315e-01, -1.880259e+00, -1.256750e-01, 4.042219e-10, 4.557437e-10, 3.696980e+01, -2.492118e-01
2.229200e+09, 1.314068e-01, 9.439242e-01, -1.889910e+00, -1.365564e-01, 4.032432e-10, 4.557434e-10, 3.687927e+01, -2.486740e-01
2.233000e+09, 1.315052e-01, 9.439183e-01, -1.899538e+00, -1.474377e-01, 4.022592e-10, 4.557443e-10, 3.678958e+01, -2.480884e-01
2.236800e+09, 1.315899e-01, 9.439138e-01, -1.909142e+00, -1.583191e-01, 4.012694e-10, 4.557465e-10, 3.670077e+01, -2.474556e-01
2.240600e+09, 1.316606e-01, 9.439107e-01, -1.918723e+00, -1.692006e-01, 4.002733e-10, 4.557500e-10, 3.661287e+01, -2.467757e-01
2.244400e+09, 1.317175e-01, 9.439089e-01, -1.928280e+00, -1.800821e-01, 3.992705e-10, 4.557547e-10, 3.652590e+01, -2.460492e-01
2.248200e+09, 1.317603e-01, 9.439086e-01, -1.937813e+00, -1.909638e-01, 3.982604e-10, 4.557608e-10, 3.643990e+01, -2.452764e-01
2.252000e+09, 1.317892e-01, 9.439097e-01, -1.947322e+00, -2.018456e-01, 3.972426e-10, 4.557681e-10, 3.635489e+01, -2.444578e-01
2.255800e+09, 1.318041e-01, 9.439123e-01, -1.956806e+00, -2.127275e-01, 3.962166e-10, 4.557767e-10, 3.627090e+01, -2.435937e-01
2.259600e+09, 1.318048e-01, 9.439162e-01, -1.966267e+00, -2.236097e-01, 3.951817e-10, 4.557866e-10, 3.618796e+01, -2.426846e-01
2.263400e+09, 1.317915e-01, 9.439215e-01, -1.975702e+00, -2.344921e-01, 3.941376e-10, 4.557978e-10, 3.610610e+01, -2.417308e-01
2.267200e+09, 1.317641e-01, 9.439283e-01, -1.985112e+00, -2.453748e-01, 3.930836e-10, 4.558104e-10, 3.602534e+01, -2.407330e-01
2.271000e+09, 1.317225e-01, 9.439365e-01, -1.994498e+00, -2.562578e-01, 3.920192e-10, 4.558242e-10, 3.594571e+01, -2.396915e-01
2.274800e+09, 1.316667e-01, 9.439460e-01, -2.003858e+00, -2.671411e-01, 3.909438e-10, 4.558394e-10, 3.586723e+01, -2.386069e-01
2.278600e+09, 1.315967e-01, 9.439570e-01, -2.013192e+00, -2.780247e-01, 3.898568e-10, 4.558559e-10, 3.578993e+01, -2.374797e-01
2.282400e+09, 1.315125e-01, 9.439695e-01, -2.022500e+00, -2.889088e-01, 3.887577e-10, 4.558737e-10, 3.571384e+01, -2.363104e-01
2.286200e+09, 1.314140e-01, 9.439833e-01, -2.031782e+00, -2.997933e-01, 3.876458e-10, 4.558928e-10, 3.563898e+01, -2.350997e-01
2.290000e+09, 1.313012e-01, 9.439986e-01, -2.041038e+00, -3.106782e-01, 3.865205e-10, 4.559133e-10, 3.556538e+01, -2.338479e-01
2.293800e+09, 1.311741e-01, 9.440152e-01, -2.050266e+00, -3.215637e-01, 3.853812e-10, 4.559351e-10, 3.549305e+01, -2.325559e-01
2.297600e+09, 1.310327e-01, 9.440333e-01, -2.059468e+00, -3.324496e-01, 3.842271e-10, 4.559583e-10, 3.542202e+01, -2.312241e-01
2.301400e+09, 1.308770e-01, 9.440527e-01, -2.068641e+00, -3.433361e-01, 3.830576e-10, 4.559827e-10, 3.535231e+01, -2.298533e-01
2.305200e+09, 1.307070e-01, 9.440736e-01, -2.077787e+00, -3.542232e-01, 3.818719e-10, 4.560085e-10, 3.528395e+01, -2.284440e-01
2.309000e+09, 1.305225e-01, 9.440958e-01, -2.086905e+00, -3.651109e-01, 3.806695e-10, 4.560357e-10, 3.521696e+01, -2.269970e-01
2.312800e+09, 1.303237e-01, 9.441195e-01, -2.095994e+00, -3.759993e-01, 3.794493e-10, 4.560641e-10, 3.515135e+01, -2.255128e-01
2.316600e+09, 1.301106e-01, 9.441445e-01, -2.105054e+00, -3.868883e-01, 3.782108e-10, 4.560939e-10, 3.508716e+01, -2.239923e-01
2.320400e+09, 1.298830e-01, 9.441709e-01, -2.114084e+00, -3.977781e-01, 3.769531e-10, 4.561251e-10, 3.502439e+01, -2.224362e-01
2.324200e+09, 1.296410e-01, 9.441986e-01, -2.123084e+00, -4.086686e-01, 3.756753e-10, 4.561575e-10, 3.496307e+01, -2.208451e-01
2.328000e+09, 1.293847e-01, 9.442277e-01, -2.132054e+00, -4.195598e-01, 3.743766e-10, 4.561913e-10, 3.490322e+01, -2.192199e-01
2.331800e+09, 1.291139e-01, 9.442582e-01, -2.140992e+00, -4.304519e-01, 3.730561e-10, 4.562264e-10, 3.484486e+01, -2.175612e-01
2.335600e+09, 1.288288e-01, 9.442900e-01, -2.149899e+00, -4.413448e-01, 3.717128e-10, 4.562629e-10, 3.478800e+01, -2.158700e-01
2.339400e+09, 1.285292e-01, 9.443231e-01, -2.158775e+00, -4.522386e-01, 3.703459e-10, 4.563006e-10, 3.473266e+01, -2.141470e-01
2.343200e+09, 1.282153e-01, 9.443575e-01, -2.167617e+00, -4.631333e-01, 3.689542e-10, 4.563396e-10, 3.467887e+01, -2.123931e-01
2.347000e+09, 1.278869e-01, 9.443933e-01, -2.176426e+00, -4.740289e-01, 3.675368e-10, 4.563800e-10, 3.462664e+01, -2.106090e-01
2.350800e+09, 1.275442e-01, 9.444303e-01, -2.185201e+00, -4.849255e-01, 3.660925e-10, 4.564216e-10, 3.457598e+01, -2.087957e-01
2.354600e+09, 1.271871e-01, 9.444686e-01, -2.193942e+00, -4.958230e-01, 3.646203e-10, 4.564645e-10, 3.452691e+01, -2.069540e-01
2.358400e+09, 1.268156e-01, 9.445082e-01, -2.202648e+00, -5.067216e-01, 3.631190e-10, 4.565087e-10, 3.447945e+01, -2.050848e-01
2.362200e+09, 1.264298e-01, 9.445491e-01, -2.211318e+00, -5.176213e-01, 3.615873e-10, 4.565542e-10, 3.443360e+01, -2.031889e-01
2.366000e+09, 1.260297e-01, 9.445912e-01, -2.219951e+00, -5.285220e-01, 3.600241e-10, 4.566010e-10, 3.438940e+01, -2.012674e-01
2.369800e+09, 1.256152e-01, 9.446345e-01, -2.228547e+00, -5.394239e-01, 3.584279e-10, 4.566490e-10, 3.434684e+01, -1.993212e-01
2.373600e+09, 1.251864e-01, 9.446790e-01, -2.237105e+00, -5.503269e-01, 3.567974e-10, 4.566982e-10, 3.430595e+01, -1.973512e-01
2.377400e+09, 1.247434e-01, 9.447247e-01, -2.245624e+00, -5.612310e-01, 3.551312e-10, 4.567487e-10, 3.426674e+01, -1.953583e-01
2.381200e+09, 1.242861e-01, 9.447716e-01, -2.254103e+00, -5.721364e-01, 3.534278e-10, 4.568005e-10, 3.422922e+01, -1.933436e-01
2.385000e+09, 1.238146e-01, 9.448197e-01, -2.262542e+00, -5.830430e-01, 3.516857e-10, 4.568534e-10, 3.419340e+01, -1.913081e-01
2.388800e+09, 1.233288e-01, 9.448689e-01, -2.270939e+00, -5.939509e-01, 3.499031e-10, 4.569075e-10, 3.415929e+01, -1.892527e-01
2.392600e+09, 1.228289e-01, 9.449193e-01, -2.279293e+00, -6.048601e-01, 3.480784e-10, 4.569629e-10, 3.412691e+01, -1.871784e-01
2.396400e+09, 1.223149e-01, 9.449707e-01, -2.287604e+00, -6.157706e-01, 3.462099e-10, 4.570194e-10, 3.409626e+01, -1.850864e-01
2.400200e+09, 1.217867e-01, 9.450232e-01, -2.295870e+00, -6.266824e-01, 3.442957e-10, 4.570771e-10, 3.406736e+01, -1.829775e-01
2.404000e+09, 1.212445e-01, 9.450768e-01, -2.304090e+00, -6.375956e-01, 3.423338e-10, 4.571360e-10, 3.404021e+01, -1.808530e-01
2.407800e+09, 1.206882e-01, 9.451315e-01, -2.312264e+00, -6.485103e-01, 3.403221e-10, 4.571959e-10, 3.401483e+01, -1.787138e-01
2.411600e+09, 1.201179e-01, 9.451872e-01, -2.320389e+00, -6.594263e-01, 3.382587e-10, 4.572571e-10, 3.399122e+01, -1.765610e-01
2.415400e+09, 1.195337e-01, 9.452439e-01, -2.328466e+00, -6.703438e-01, 3.361412e-10, 4.573193e-10, 3.396940e+01, -1.743957e-01
2.419200e+09, 1.189356e-01, 9.453015e-01, -2.336491e+00, -6.812628e-01, 3.339673e-10, 4.573826e-10, 3.394936e+01, -1.722190e-01
2.423000e+09, 1.183237e-01, 9.453601e-01, -2.344465e+00, -6.921834e-01, 3.317345e-10, 4.574470e-10, 3.393112e+01, -1.700321e-01
2.426800e+09, 1.176979e-01, 9.454197e-01, -2.352386e+00, -7.031054e-01, 3.294404e-10, 4.575125e-10, 3.391469e+01, -1.678359e-01
2.430600e+09, 1.170584e-01, 9.454802e-01, -2.360251e+00, -7.140290e-01, 3.270821e-10, 4.575791e-10, 3.390006e+01, -1.656317e-01
2.434400e+09, 1.164052e-01, 9.455415e-01, -2.368061e+00, -7.249542e-01, 3.246568e-10, 4.576466e-10, 3.388725e+01, -1.634206e-01
2.438200e+09, 1.157383e-01, 9.456037e-01, -2.375812e+00, -7.358810e-01, 3.221617e-10, 4.577152e-10, 3.387626e+01, -1.612036e-01
2.442000e+09, 1.150579e-01, 9.456668e-01, -2.383504e+00, -7.468095e-01, 3.195935e-10, 4.577848e-10, 3.386709e+01, -1.589820e-01
2.445800e+09, 1.143640e-01, 9.457307e-01, -2.391135e+00, -7.577396e-01, 3.169490e-10, 4.578553e-10, 3.385975e+01, -1.567569e-01
2.449600e+09, 1.136566e-01, 9.457953e-01, -2.398703e+00, -7.686714e-01, 3.142246e-10, 4.579268e-10, 3.385424e+01, -1.545294e-01
2.453400e+09, 1.129359e-01, 9.458607e-01, -2.406205e+00, -7.796049e-01, 3.114168e-10, 4.579993e-10, 3.385057e+01, -1.523008e-01
2.457200e+09, 1.122019e-01, 9.459269e-01, -2.413640e+00, -7.905402e-01, 3.085217e-10, 4.580726e-10, 3.384873e+01, -1.500721e-01
2.461000e+09, 1.114547e-01, 9.459937e-01, -2.421007e+00, -8.014772e-01, 3.055353e-10, 4.581469e-10, 3.384873e+01, -1.478445e-01
2.464800e+09, 1.106943e-01, 9.460612e-01, -2.428302e+00, -8.124159e-01, 3.024534e-10, 4.582220e-10, 3.385057e+01, -1.456193e-01
2.468600e+09, 1.099209e-01, 9.461294e-01, -2.435523e+00, -8.233565e-01, 2.992713e-10, 4.582980e-10, 3.385425e+01, -1.433975e-01
2.472400e+09, 1.091346e-01, 9.461981e-01, -2.442669e+00, -8.342988e-01, 2.959844e-10, 4.583749e-10, 3.385977e+01, -1.411803e-01
2.476200e+09, 1.083353e-01, 9.462675e-01, -2.449736e+00, -8.452431e-01, 2.925877e-10, 4.584525e-10, 3.386714e+01, -1.389690e-01
2.480000e+09, 1.075233e-01, 9.463374e-01, -2.456721e+00, -8.561891e-01, 2.890759e-10, 4.585309e-10, 3.387634e+01, -1.367647e-01
2.483800e+09, 1.066986e-01, 9.464078e-01, -2.463623e+00, -8.671370e-01, 2.854433e-10, 4.586101e-10, 3.388738e+01, -1.345686e-01
2.487600e+09, 1.058614e-01, 9.464787e-01, -2.470439e+00, -8.780869e-01, 2.816842e-10, 4.586900e-10, 3.390025e+01, -1.323818e-01
2.491400e+09, 1.050117e-01, 9.465501e-01, -2.477164e+00, -8.890386e-01, 2.777922e-10, 4.587707e-10, 3.391495e+01, -1.302056e-01
2.495200e+09, 1.041497e-01, 9.466219e-01, -2.483797e+00, -8.999923e-01, 2.737607e-10, 4.588520e-10, 3.393149e+01, -1.280410e-01
2.499000e+09, 1.032754e-01, 9.466941e-01, -2.490333e+00, -9.109479e-01, 2.695827e-10, 4.589340e-10, 3.394985e+01, -1.258893e-01
2.502800e+09, 1.023890e-01, 9.467667e-01, -2.496770e+00, -9.219054e-01, 2.652508e-10, 4.590166e-10, 3.397003e+01, -1.237517e-01
2.506600e+09, 1.014907e-01, 9.468395e-01, -2.503103e+00, -9.328649e-01, 2.607571e-10, 4.590999e-10, 3.399202e+01, -1.216292e-01
2.510400e+09, 1.005805e-01, 9.469127e-01, -2.509329e+00, -9.438265e-01, 2.560933e-10, 4.591837e-10, 3.401583e+01, -1.195232e-01
2.514200e+09, 9.965863e-02, 9.469861e-01, -2.515443e+00, -9.547900e-01, 2.512505e-10, 4.592681e-10, 3.404143e+01, -1.174346e-01
2.518000e+09, 9.872520e-02, 9.470598e-01, -2.521442e+00, -9.657555e-01, 2.462194e-10, 4.593531e-10, 3.406884e+01, -1.153647e-01
2.521800e+09, 9.778035e-02, 9.471336e-01, -2.527321e+00, -9.767231e-01, 2.409898e-10, 4.594385e-10, 3.409803e+01, -1.133146e-01
2.525600e+09, 9.682426e-02, 9.472076e-01, -2.533075e+00, -9.876927e-01, 2.355512e-10, 4.595244e-10, 3.412900e+01, -1.112855e-01
2.529400e+09, 9.585709e-02, 9.472817e-01, -2.538699e+00, -9.986643e-01, 2.298923e-10, 4.596108e-10, 3.416174e+01, -1.092785e-01
2.533200e+09, 9.487901e-02, 9.473559e-01, -2.544188e+00, -1.009638e+00, 2.240012e-10, 4.596976e-10, 3.419625e+01, -1.072946e-01
2.537000e+09, 9.389020e-02, 9.474301e-01, -2.549536e+00, -1.020614e+00, 2.178649e-10, 4.597848e-10, 3.423251e+01, -1.053351e-01
2.540800e+09, 9.289085e-02, 9.475044e-01, -2.554738e+00, -1.031592e+00, 2.114699e-10, 4.598723e-10, 3.427050e+01, -1.034010e-01
2.544600e+09, 9.188115e-02, 9.475786e-01, -2.559787e+00, -1.042572e+00, 2.048016e-10, 4.599602e-10, 3.431023e+01, -1.014934e-01
2.548400e+09, 9.086132e-02, 9.476527e-01, -2.564677e+00, -1.053554e+00, 1.978447e-10, 4.600484e-10, 3.435168e+01, -9.961340e-02
2.552200e+09, 8.983155e-02, 9.477267e-01, -2.569401e+00, -1.064538e+00, 1.905826e-10, 4.601368e-10, 3.439483e+01, -9.776210e-02
2.556000e+09, 8.879209e-02, 9.478006e-01, -2.573951e+00, -1.075524e+00, 1.829976e-10, 4.602255e-10, 3.443967e+01, -9.594054e-02
2.559800e+09, 8.774315e-02, 9.478743e-01, -2.578320e+00, -1.086513e+00, 1.750711e-10, 4.603144e-10, 3.448619e+01, -9.414978e-02
2.563600e+09, 8.668500e-02, 9.479477e-01, -2.582500e+00, -1.097503e+00, 1.667829e-10, 4.604035e-10, 3.453438e+01, -9.239086e-02
2.567400e+09, 8.561789e-02, 9.480209e-01, -2.586482e+00, -1.108496e+00, 1.581115e-10, 4.604927e-10, 3.458421e+01, -9.066480e-02
2.571200e+09, 8.454210e-02, 9.480938e-01, -2.590257e+00, -1.119490e+00, 1.490342e-10, 4.605820e-10, 3.463568e+01, -8.897263e-02
2.575000e+09, 8.345790e-02, 9.481664e-01, -2.593816e+00, -1.130487e+00, 1.395264e-10, 4.606714e-10, 3.468876e+01, -8.731534e-02
2.578800e+09, 8.236561e-02, 9.482386e-01, -2.597147e+00, -1.141486e+00, 1.295619e-10, 4.607609e-10, 3.474344e+01, -8.569393e-02
2.582600e+09, 8.126553e-02, 9.483103e-01, -2.600241e+00, -1.152488e+00, 1.191127e-10, 4.608503e-10, 3.479969e+01, -8.410935e-02
2.586400e+09, 8.015800e-02, 9.483816e-01, -2.603084e+00, -1.163491e+00, 1.081489e-10, 4.609398e-10, 3.485752e+01, -8.256259e-02
2.590200e+09, 7.904337e-02, 9.484524e-01, -2.605667e+00, -1.174496e+00, 9.663840e-11, 4.610291e-10, 3.491688e+01, -8.105457e-02
2.594000e+09, 7.792202e-02, 9.485226e-01, -2.607974e+00, -1.185504e+00, 8.454699e-11, 4.611184e-10, 3.497777e+01, -7.958622e-02
2.597800e+09, 7.679434e-02, 9.485923e-01, -2.609993e+00, -1.196514e+00, 7.183800e-11, 4.612076e-10, 3.504015e+01, -7.815846e-02
2.601600e+09, 7.566075e-02, 9.486613e-01, -2.611708e+00, -1.207525e+00, 5.847222e-11, 4.612966e-10, 3.510402e+01, -7.677218e-02
2.605400e+09, 7.452167e-02, 9.487297e-01, -2.613104e+00, -1.218539e+00, 4.440774e-11, 4.613855e-10, 3.516935e+01, -7.542826e-02
2.609200e+09, 7.337759e-02, 9.487974e-01, -2.614164e+00, -1.229556e+00, 2.959979e-11, 4.614741e-10, 3.523611e+01, -7.412756e-02
2.613000e+09, 7.222900e-02, 9.488643e-01, -2.614871e+00, -1.240574e+00, 1.400055e-11, 4.615624e-10, 3.530429e+01, -7.287092e-02
2.616800e+09, 7.107641e-02, 9.489304e-01, -2.615205e+00, -1.251594e+00, -2.441027e-12, 4.616504e-10, 3.537385e+01, -7.165916e-02
2.620600e+09, 6.992040e-02, 9.489957e-01, -2.615147e+00, -1.262616e+00, -1.977934e-11, 4.617381e-10, 3.544477e+01, -7.049310e-02
2.624400e+09, 6.876156e-02, 9.490601e-01, -2.614675e+00, -1.273641e+00, -3.807229e-11, 4.618254e-10, 3.551704e+01, -6.937352e-02
2.628200e+09, 6.760052e-02, 9.491236e-01, -2.613766e+00, -1.284668e+00, -5.738146e-11, 4.619124e-10, 3.559061e+01, -6.830118e-02
2.632000e+09, 6.643796e-02, 9.491862e-01, -2.612396e+00, -1.295696e+00, -7.777213e-11, 4.619988e-10, 3.566547e+01, -6.727685e-02
2.635800e+09, 6.527460e-02, 9.492478e-01, -2.610539e+00, -1.306727e+00, -9.931343e-11, 4.620848e-10, 3.574159e+01, -6.630124e-02
2.639600e+09, 6.411122e-02, 9.493083e-01, -2.608168e+00, -1.317760e+00, -1.220783e-10, 4.621703e-10, 3.581893e+01, -6.537506e-02
2.643400e+09, 6.294865e-02, 9.493677e-01, -2.605253e+00, -1.328795e+00, -1.461433e-10, 4.622552e-10, 3.589747e+01, -6.449901e-02
2.647200e+09, 6.178777e-02, 9.494261e-01, -2.601763e+00, -1.339831e+00, -1.715888e-10, 4.623396e-10, 3.597718e+01, -6.367376e-02
2.651000e+09, 6.062953e-02, 9.494832e-01, -2.597667e+00, -1.350870e+00, -1.984982e-10, 4.624233e-10, 3.605802e+01, -6.289994e-02
2.654800e+09, 5.947497e-02, 9.495392e-01, -2.592927e+00, -1.361911e+00, -2.269580e-10, 4.625063e-10, 3.613998e+01, -6.217819e-02
2.658600e+09, 5.832516e-02, 9.495939e-01, -2.587508e+00, -1.372954e+00, -2.570568e-10, 4.625886e-10, 3.622300e+01, -6.150911e-02
2.662400e+09, 5.718129e-02, 9.496473e-01, -2.581371e+00, -1.383999e+00, -2.888844e-10, 4.626702e-10, 3.630707e+01, -6.089329e-02
2.666200e+09, 5.604464e-02, 9.496995e-01, -2.574473e+00, -1.395046e+00, -3.225309e-10, 4.627510e-10, 3.639215e+01, -6.033129e-02
2.670000e+09, 5.491655e-02, 9.497502e-01, -2.566773e+00, -1.406094e+00, -3.580849e-10, 4.628310e-10, 3.647820e+01, -5.982364e-02
2.673800e+09, 5.379851e-02, 9.497995e-01, -2.558223e+00, -1.417145e+00, -3.956314e-10, 4.629102e-10, 3.656518e+01, -5.937087e-02
2.677600e+09, 5.269209e-02, 9.498474e-01, -2.548777e+00, -1.428197e+00, -4.352494e-10, 4.629884e-10, 3.665307e+01, -5.897346e-02
2.681400e+09, 5.159899e-02, 9.498938e-01, -2.538385e+00, -1.439252e+00, -4.770086e-10, 4.630658e-10, 3.674182e+01, -5.863190e-02
2.685200e+09, 5.052104e-02, 9.499387e-01, -2.526996e+00, -1.450308e+00, -5.209655e-10, 4.631421e-10, 3.683140e+01, -5.834662e-02
2.689000e+09, 4.946020e-02, 9.499820e-01, -2.514557e+00, -1.461366e+00, -5.671587e-10, 4.632175e-10, 3.692177e+01, -5.811805e-02
2.692800e+09, 4.841859e-02, 9.500237e-01, -2.501015e+00, -1.472426e+00, -6.156027e-10, 4.632918e-10, 3.701289e+01, -5.794660e-02
2.696600e+09, 4.739847e-02, 9.500638e-01, -2.486317e+00, -1.483487e+00, -6.662817e-10, 4.633651e-10, 3.710472e+01, -5.783264e-02
2.700400e+09, 4.640226e-02, 9.501021e-01, -2.470409e+00, -1.494551e+00, -7.191419e-10, 4.634372e-10, 3.719722e+01, -5.777653e-02
2.704200e+09, 4.543256e-02, 9.501388e-01, -2.453239e+00, -1.505616e+00, -7.740821e-10, 4.635082e-10, 3.729036e+01, -5.777860e-02
2.708000e+09, 4.449211e-02, 9.501737e-01, -2.434757e+00, -1.516683e+00, -8.309450e-10, 4.635780e-10, 3.738407e+01, -5.783915e-02
2.711800e+09, 4.358385e-02, 9.502067e-01, -2.414917e+00, -1.527751e+00, -8.895065e-10, 4.636465e-10, 3.747834e+01, -5.795847e-02
2.715600e+09, 4.271086e-02, 9.502380e-01, -2.393679e+00, -1.538821e+00, -9.494655e-10, 4.637138e-10, 3.757310e+01, -5.813681e-02
2.719400e+09, 4.187639e-02, 9.502674e-01, -2.371009e+00, -1.549893e+00, -1.010435e-09, 4.637798e-10, 3.766832e+01, -5.837441e-02
2.723200e+09, 4.108384e-02, 9.502948e-01, -2.346884e+00, -1.560966e+00, -1.071932e-09, 4.638445e-10, 3.776396e+01, -5.867147e-02
2.727000e+09, 4.033672e-02, 9.503203e-01, -2.321291e+00, -1.572041e+00, -1.133374e-09, 4.639078e-10, 3.785996e+01, -5.902817e-02
2.730800e+09, 3.963865e-02, 9.503439e-01, -2.294230e+00, -1.583117e+00, -1.194076e-09, 4.639696e-10, 3.795629e+01, -5.944467e-02
2.734600e+09, 3.899331e-02, 9.503654e-01, -2.265720e+00, -1.594195e+00, -1.253254e-09, 4.640301e-10, 3.805289e+01, -5.992111e-02
2.738400e+09, 3.840440e-02, 9.503848e-01, -2.235797e+00, -1.605274e+00, -1.310037e-09, 4.640890e-10, 3.814971e+01, -6.045759e-02
2.742200e+09, 3.787558e-02, 9.504022e-01, -2.204519e+00, -1.616355e+00, -1.363482e-09, 4.641464e-10, 3.824672e+01, -6.105419e-02
2.746000e+09, 3.741043e-02, 9.504174e-01, -2.171964e+00, -1.627437e+00, -1.412605e-09, 4.642023e-10, 3.834386e+01, -6.171095e-02
2.749800e+09, 3.701236e-02, 9.504305e-01, -2.138237e+00, -1.638520e+00, -1.456411e-09, 4.642566e-10, 3.844107e+01, -6.242792e-02
2.753600e+09, 3.668455e-02, 9.504414e-01, -2.103463e+00, -1.649605e+00, -1.493942e-09, 4.643093e-10, 3.853832e+01, -6.320510e-02
2.757400e+09, 3.642987e-02, 9.504501e-01, -2.067794e+00, -1.660691e+00, -1.524319e-09, 4.643603e-10, 3.863555e+01, -6.404245e-02
2.761200e+09, 3.625084e-02, 9.504565e-01, -2.031399e+00, -1.671778e+00, -1.546792e-09, 4.644096e-10, 3.873271e+01, -6.493993e-02
2.765000e+09, 3.614952e-02, 9.504607e-01, -1.994468e+00, -1.682866e+00, -1.560783e-09, 4.644572e-10, 3.882975e+01, -6.589746e-02
2.768800e+09, 3.612745e-02, 9.504625e-01, -1.957202e+00, -1.693956e+00, -1.565921e-09, 4.645030e-10, 3.892661e+01, -6.691493e-02
2.772600e+09, 3.618568e-02, 9.504620e-01, -1.919814e+00, -1.705046e+00, -1.562070e-09, 4.645470e-10, 3.902325e+01, -6.799221e-02
2.776400e+09, 3.632466e-02, 9.504591e-01, -1.882518e+00, -1.716138e+00, -1.549333e-09, 4.645893e-10, 3.911961e+01, -6.912916e-02
2.780200e+09, 3.654429e-02, 9.504538e-01, -1.845526e+00, -1.727230e+00, -1.528051e-09, 4.646296e-10, 3.921563e+01, -7.032557e-02
2.784000e+09, 3.684392e-02, 9.504461e-01, -1.809042e+00, -1.738324e+00, -1.498774e-09, 4.646681e-10, 3.931126e+01, -7.158123e-02
2.787800e+09, 3.722234e-02, 9.504359e-01, -1.773257e+00, -1.749418e+00, -1.462232e-09, 4.647046e-10, 3.940646e+01, -7.289592e-02
2.791600e+09, 3.767791e-02, 9.504232e-01, -1.738345e+00, -1.760514e+00, -1.419289e-09, 4.647392e-10, 3.950115e+01, -7.426935e-02
2.795400e+09, 3.820852e-02, 9.504081e-01, -1.704458e+00, -1.771610e+00, -1.370895e-09, 4.647719e-10, 3.959530e+01, -7.570124e-02
2.799200e+09, 3.881173e-02, 9.503903e-01, -1.671726e+00, -1.782707e+00, -1.318042e-09, 4.648025e-10, 3.968883e+01, -7.719126e-02
2.803000e+09, 3.948480e-02, 9.503701e-01, -1.640256e+00, -1.793804e+00, -1.261720e-09, 4.648311e-10, 3.978170e+01, -7.873906e-02
2.806800e+09, 4.022477e-02, 9.503472e-01, -1.610131e+00, -1.804903e+00, -1.202876e-09, 4.648576e-10, 3.987386e+01, -8.034426e-02
2.810600e+09, 4.102853e-02, 9.503218e-01, -1.581411e+00, -1.816002e+00, -1.142396e-09, 4.648820e-10, 3.996523e+01, -8.200646e-02
2.814400e+09, 4.189288e-02, 9.502937e-01, -1.554135e+00, -1.827101e+00, -1.081074e-09, 4.649043e-10, 4.005578e+01, -8.372523e-02
2.818200e+09, 4.281458e-02, 9.502630e-01, -1.528324e+00, -1.838201e+00, -1.019611e-09, 4.649244e-10, 4.014543e+01, -8.550010e-02
2.822000e+09, 4.379041e-02, 9.502296e-01, -1.503979e+00, -1.849302e+00, -9.586020e-10, 4.649424e-10, 4.023414e+01, -8.733059e-02
2.825800e+09, 4.481718e-02, 9.501935e-01, -1.481092e+00, -1.860403e+00, -8.985445e-10, 4.649581e-10, 4.032184e+01, -8.921617e-02
2.829600e+09, 4.589180e-02, 9.501547e-01, -1.459638e+00, -1.871504e+00, -8.398379e-10, 4.649717e-10, 4.040849e+01, -9.115631e-02
2.833400e+09, 4.701126e-02, 9.501132e-01, -1.439586e+00, -1.882606e+00, -7.827949e-10, 4.649830e-10, 4.049402e+01, -9.315044e-02
2.837200e+09, 4.817271e-02, 9.500690e-01, -1.420896e+00, -1.893708e+00, -7.276494e-10, 4.649920e-10, 4.057838e+01, -9.519795e-02
2.841000e+09, 4.937338e-02, 9.500220e-01, -1.403522e+00, -1.904810e+00, -6.745675e-10, 4.649987e-10, 4.066150e+01, -9.729821e-02
2.844800e+09, 5.061068e-02, 9.499722e-01, -1.387416e+00, -1.915913e+00, -6.236576e-10, 4.650031e-10, 4.074334e+01, -9.945058e-02
2.848600e+09, 5.188214e-02, 9.499197e-01, -1.372526e+00, -1.927015e+00, -5.749795e-10, 4.650051e-10, 4.082384e+01, -1.016544e-01
2.852400e+09, 5.318544e-02, 9.498644e-01, -1.358797e+00, -1.938118e+00, -5.285539e-10, 4.650048e-10, 4.090294e+01, -1.039089e-01
2.856200e+09, 5.451840e-02, 9.498062e-01, -1.346178e+00, -1.949220e+00, -4.843700e-10, 4.650021e-10, 4.098059e+01, -1.062134e-01
2.860000e+09, 5.587896e-02, 9.497453e-01, -1.334613e+00, -1.960322e+00, -4.423923e-10, 4.649970e-10, 4.105672e+01, -1.085671e-01
2.863800e+09, 5.726520e-02, 9.496815e-01, -1.324050e+00, -1.971425e+00, -4.025666e-10, 4.649895e-10, 4.113130e+01, -1.109692e-01
2.867600e+09, 5.867532e-02, 9.496149e-01, -1.314438e+00, -1.982527e+00, -3.648248e-10, 4.649796e-10, 4.120425e+01, -1.134189e-01
2.871400e+09, 6.010765e-02, 9.495455e-01, -1.305728e+00, -1.993629e+00, -3.290890e-10, 4.649672e-10, 4.127553e+01, -1.159154e-01
2.875200e+09, 6.156059e-02, 9.494732e-01, -1.297870e+00, -2.004730e+00, -2.952750e-10, 4.649523e-10, 4.134508e+01, -1.184578e-01
2.879000e+09, 6.303268e-02, 9.493981e-01, -1.290820e+00, -2.015832e+00, -2.632946e-10, 4.649350e-10, 4.141286e+01, -1.210453e-01
2.882800e+09, 6.452254e-02, 9.493201e-01, -1.284534e+00, -2.026933e+00, -2.330579e-10, 4.649151e-10, 4.147881e+01, -1.236768e-01
2.886600e+09, 6.602888e-02, 9.492393e-01, -1.278969e+00, -2.038033e+00, -2.044751e-10, 4.648928e-10, 4.154287e+01, -1.263515e-01
2.890400e+09, 6.755048e-02, 9.491556e-01, -1.274087e+00, -2.049133e+00, -1.774574e-10, 4.648679e-10, 4.160500e+01, -1.290683e-01
2.894200e+09, 6.908620e-02, 9.490691e-01, -1.269850e+00, -2.060232e+00, -1.519181e-10, 4.648405e-10, 4.166515e+01, -1.318263e-01
2.898000e+09, 7.063499e-02, 9.489797e-01, -1.266223e+00, -2.071331e+00, -1.277734e-10, 4.648105e-10, 4.172327e+01, -1.346246e-01
2.901800e+09, 7.219582e-02, 9.488874e-01, -1.263172e+00, -2.082428e+00, -1.049426e-10, 4.647780e-10, 4.177931e+01, -1.374619e-01
2.905600e+09, 7.376777e-02, 9.487923e-01, -1.260667e+00, -2.093525e+00, -8.334866e-11, 4.647430e-10, 4.183323e+01, -1.403373e-01
2.909400e+09, 7.534994e-02, 9.486944e-01, -1.258677e+00, -2.104622e+00, -6.291819e-11, 4.647053e-10, 4.188497e+01, -1.432498e-01
2.913200e+09, 7.694149e-02, 9.485936e-01, -1.257175e+00, -2.115717e+00, -4.358164e-11, 4.646651e-10, 4.193450e+01, -1.461981e-01
2.917000e+09, 7.854162e-02, 9.484899e-01, -1.256134e+00, -2.126811e+00, -2.527327e-11, 4.646223e-10, 4.198177e+01, -1.491811e-01
2.920800e+09, 8.014958e-02, 9.483835e-01, -1.255531e+00, -2.137905e+00, -7.931080e-12, 4.645770e-10, 4.202675e+01, -1.521978e-01
2.924600e+09, 8.176465e-02, 9.482742e-01, -1.255341e+00, -2.148997e+00, 8.503254e-12, 4.645290e-10, 4.206938e+01, -1.552469e-01
2.928400e+09, 8.338616e-02, 9.481621e-01, -1.255544e+00, -2.160088e+00, 2.408454e-11, 4.644785e-10, 4.210963e+01, -1.583273e-01
2.932200e+09, 8.501346e-02, 9.480473e-01, -1.256119e+00, -2.171178e+00, 3.886418e-11, 4.644253e-10, 4.214746e+01, -1.614377e-01
2.936000e+09, 8.664594e-02, 9.479296e-01, -1.257047e+00, -2.182267e+00, 5.289037e-11, 4.643696e-10, 4.218284e+01, -1.645770e-01
2.939800e+09, 8.828300e-02, 9.478092e-01, -1.258310e+00, -2.193354e+00, 6.620821e-11, 4.643113e-10, 4.221572e+01, -1.677438e-01
2.943600e+09, 8.992409e-02, 9.476860e-01, -1.259891e+00, -2.204440e+00, 7.885993e-11, 4.642504e-10, 4.224609e+01, -1.709370e-01
2.947400e+09, 9.156867e-02, 9.475601e-01, -1.261774e+00, -2.215525e+00, 9.088502e-11, 4.641870e-10, 4.227389e+01, -1.741552e-01
2.951200e+09, 9.321621e-02, 9.474314e-01, -1.263944e+00, -2.226608e+00, 1.023204e-10, 4.641209e-10, 4.229912e+01, -1.773972e-01
2.955000e+09, 9.486623e-02, 9.473001e-01, -1.266387e+00, -2.237689e+00, 1.132006e-10, 4.640523e-10, 4.232172e+01, -1.806616e-01
2.958800e+09, 9.651824e-02, 9.471661e-01, -1.269089e+00, -2.248769e+00, 1.235579e-10, 4.639811e-10, 4.234169e+01, -1.839472e-01
2.962600e+09, 9.817180e-02, 9.470294e-01, -1.272040e+00, -2.259847e+00, 1.334223e-10, 4.639073e-10, 4.235899e+01, -1.872525e-01
2.966400e+09, 9.982644e-02, 9.468900e-01, -1.275225e+00, -2.270923e+00, 1.428223e-10, 4.638310e-10, 4.237360e+01, -1.905764e-01
2.970200e+09, 1.014817e-01, 9.467481e-01, -1.278635e+00, -2.281998e+00, 1.517839e-10, 4.637522e-10, 4.238550e+01, -1.939173e-01
2.974000e+09, 1.031373e-01, 9.466036e-01, -1.282259e+00, -2.293070e+00, 1.603321e-10, 4.636708e-10, 4.239467e+01, -1.972740e-01
2.977800e+09, 1.047927e-01, 9.464565e-01, -1.286087e+00, -2.304141e+00, 1.684897e-10, 4.635870e-10, 4.240108e+01, -2.006450e-01
2.981600e+09, 1.064476e-01, 9.463068e-01, -1.290110e+00, -2.315210e+00, 1.762783e-10, 4.635006e-10, 4.240474e+01, -2.040291e-01
2.985400e+09, 1.081015e-01, 9.461547e-01, -1.294319e+00, -2.326276e+00, 1.837181e-10, 4.634117e-10, 4.240561e+01, -2.074247e-01
2.989200e+09, 1.097541e-01, 9.460001e-01, -1.298705e+00, -2.337341e+00, 1.908281e-10, 4.633204e-10, 4.240369e+01, -2.108305e-01
2.993000e+09, 1.114051e-01, 9.458430e-01, -1.303262e+00, -2.348403e+00, 1.976259e-10, 4.632266e-10, 4.239897e+01, -2.142450e-01
2.996800e+09, 1.130541e-01, 9.456836e-01, -1.307980e+00, -2.359463e+00, 2.041281e-10, 4.631304e-10, 4.239144e+01, -2.176670e-01
3.000600e+09, 1.147008e-01, 9.455217e-01, -1.312854e+00, -2.370521e+00, 2.103503e-10, 4.630318e-10, 4.238109e+01, -2.210949e-01
3.004400e+09, 1.163448e-01, 9.453575e-01, -1.317876e+00, -2.381576e+00, 2.163070e-10, 4.629307e-10, 4.236792e+01, -2.245274e-01
3.008200e+09, 1.179857e-01, 9.451910e-01, -1.323041e+00, -2.392629e+00, 2.220119e-10, 4.628273e-10, 4.235193e+01, -2.279630e-01
3.012000e+09, 1.196234e-01, 9.450222e-01, -1.328342e+00, -2.403680e+00, 2.274779e-10, 4.627216e-10, 4.233311e+01, -2.314002e-01
3.015800e+09, 1.212574e-01, 9.448512e-01, -1.333773e+00, -2.414728e+00, 2.327169e-10, 4.626135e-10, 4.231147e+01, -2.348378e-01
3.019600e+09, 1.228875e-01, 9.446780e-01, -1.339329e+00, -2.425773e+00, 2.377404e-10, 4.625031e-10, 4.228701e+01, -2.382742e-01
3.023400e+09, 1.245133e-01, 9.445026e-01, -1.345006e+00, -2.436816e+00, 2.425590e-10, 4.623905e-10, 4.225974e+01, -2.417080e-01
3.027200e+09, 1.261347e-01, 9.443251e-01, -1.350797e+00, -2.447856e+00, 2.471827e-10, 4.622756e-10, 4.222966e+01, -2.451379e-01
3.031000e+09, 1.277512e-01, 9.441456e-01, -1.356699e+00, -2.458893e+00, 2.516209e-10, 4.621585e-10, 4.219679e+01, -2.485624e-01
3.034800e+09, 1.293626e-01, 9.439640e-01, -1.362707e+00, -2.469928e+00, 2.558825e-10, 4.620392e-10, 4.216112e+01, -2.519800e-01
3.038600e+09, 1.309686e-01, 9.437805e-01, -1.368816e+00, -2.480959e+00, 2.599759e-10, 4.619177e-10, 4.212269e+01, -2.553894e-01
3.042400e+09, 1.325689e-01, 9.435950e-01, -1.375023e+00, -2.491988e+00, 2.639089e-10, 4.617942e-10, 4.208149e+01, -2.587892e-01
3.046200e+09, 1.341633e-01, 9.434076e-01, -1.381324e+00, -2.503014e+00, 2.676890e-10, 4.616685e-10, 4.203756e+01, -2.621780e-01
3.050000e+09, 1.357516e-01, 9.432184e-01, -1.387716e+00, -2.514037e+00, 2.713231e-10, 4.615408e-10, 4.199090e+01, -2.655543e-01
3.053800e+09, 1.373334e-01, 9.430275e-01, -1.394194e+00, -2.525057e+00, 2.748180e-10, 4.614111e-10, 4.194154e+01, -2.689169e-01
3.057600e+09, 1.389084e-01, 9.428347e-01, -1.400755e+00, -2.536073e+00, 2.781797e-10, 4.612793e-10, 4.188950e+01, -2.722643e-01
3.061400e+09, 1.404765e-01, 9.426403e-01, -1.407397e+00, -2.547087e+00, 2.814143e-10, 4.611457e-10, 4.183480e+01, -2.755952e-01
3.065200e+09, 1.420374e-01, 9.424443e-01, -1.414116e+00, -2.558097e+00, 2.845273e-10, 4.610101e-10, 4.177747e+01, -2.789082e-01
3.069000e+09, 1.435909e-01, 9.422467e-01, -1.420910e+00, -2.569104e+00, 2.875239e-10, 4.608727e-10, 4.171754e+01, -2.822020e-01
3.072800e+09, 1.451366e-01, 9.420475e-01, -1.427775e+00, -2.580108e+00, 2.904093e-10, 4.607335e-10, 4.165503e+01, -2.854752e-01
3.076600e+09, 1.466743e-01, 9.418469e-01, -1.434709e+00, -2.591109e+00, 2.931880e-10, 4.605924e-10, 4.158997e+01, -2.887266e-01
3.080400e+09, 1.482039e-01, 9.416449e-01, -1.441709e+00, -2.602106e+00, 2.958646e-10, 4.604497e-10, 4.152240e+01, -2.919548e-01
3.084200e+09, 1.497251e-01, 9.414416e-01, -1.448773e+00, -2.613100e+00, 2.984433e-10, 4.603052e-10, 4.145236e+01, -2.951585e-01
3.088000e+09, 1.512376e-01, 9.412369e-01, -1.455899e+00, -2.624090e+00, 3.009281e-10, 4.601592e-10, 4.137986e+01, -2.983365e-01
3.091800e+09, 1.527412e-01, 9.410310e-01, -1.463084e+00, -2.635077e+00, 3.033228e-10, 4.600115e-10, 4.130496e+01, -3.014875e-01
3.095600e+09, 1.542357e-01, 9.408240e-01, -1.470326e+00, -2.646060e+00, 3.056311e-10, 4.598622e-10, 4.122768e+01, -3.046102e-01
3.099400e+09, 1.557209e-01, 9.406158e-01, -1.477623e+00, -2.657040e+00, 3.078564e-10, 4.597115e-10, 4.114807e+01, -3.077035e-01
3.103200e+09, 1.571965e-01, 9.404066e-01, -1.484973e+00, -2.668016e+00, 3.100019e-10, 4.595593e-10, 4.106617e+01, -3.107660e-01
3.107000e+09, 1.586624e-01, 9.401964e-01, -1.492375e+00, -2.678988e+00, 3.120707e-10, 4.594057e-10, 4.098201e+01, -3.137967e-01
3.110800e+09, 1.601183e-01, 9.399852e-01, -1.499826e+00, -2.689957e+00, 3.140658e-10, 4.592508e-10, 4.089565e+01, -3.167942e-01
3.114600e+09, 1.615639e-01, 9.397733e-01, -1.507325e+00, -2.700922e+00, 3.159900e-10, 4.590945e-10, 4.080711e+01, -3.197576e-01
3.118400e+09, 1.629992e-01, 9.395605e-01, -1.514869e+00, -2.711884e+00, 3.178459e-10, 4.589371e-10, 4.071645e+01, -3.226855e-01
3.122200e+09, 1.644238e-01, 9.393470e-01, -1.522458e+00, -2.722841e+00, 3.196360e-10, 4.587784e-10, 4.062372e+01, -3.255770e-01
3.126000e+09, 1.658376e-01, 9.391328e-01, -1.530090e+00, -2.733795e+00, 3.213629e-10, 4.586186e-10, 4.052895e+01, -3.284308e-01
3.129800e+09, 1.672404e-01, 9.389181e-01, -1.537763e+00, -2.744745e+00, 3.230287e-10, 4.584578e-10, 4.043219e+01, -3.312459e-01
3.133600e+09, 1.686320e-01, 9.387028e-01, -1.545475e+00, -2.755691e+00, 3.246356e-10, 4.582959e-10, 4.033350e+01, -3.340212e-01
3.137400e+09, 1.700121e-01, 9.384871e-01, -1.553226e+00, -2.766634e+00, 3.261858e-10, 4.581330e-10, 4.023292e+01, -3.367557e-01
3.141200e+09, 1.713806e-01, 9.382710e-01, -1.561015e+00, -2.777572e+00, 3.276812e-10, 4.579693e-10, 4.013050e+01, -3.394484e-01
3.145000e+09, 1.727373e-01, 9.380546e-01, -1.568838e+00, -2.788507e+00, 3.291238e-10, 4.578047e-10, 4.002628e+01, -3.420982e-01
3.148800e+09, 1.740820e-01, 9.378380e-01, -1.576696e+00, -2.799437e+00, 3.305152e-10, 4.576394e-10, 3.992033e+01, -3.447041e-01
3.152600e+09, 1.754145e-01, 9.376211e-01, -1.584588e+00, -2.810364e+00, 3.318573e-10, 4.574733e-10, 3.981268e+01, -3.472651e-01
3.156400e+09, 1.767345e-01, 9.374042e-01, -1.592511e+00, -2.821287e+00, 3.331518e-10, 4.573066e-10, 3.970340e+01, -3.497804e-01
3.160200e+09, 1.780421e-01, 9.371873e-01, -1.600466e+00, -2.832205e+00, 3.344000e-10, 4.571392e-10, 3.959253e+01, -3.522490e-01
3.164000e+09, 1.793368e-01, 9.369704e-01, -1.608450e+00, -2.843120e+00, 3.356037e-10, 4.569714e-10, 3.948012e+01, -3.546700e-01
3.167800e+09, 1.806186e-01, 9.367536e-01, -1.616463e+00, -2.854031e+00, 3.367642e-10, 4.568031e-10, 3.936623e+01, -3.570424e-01
3.171600e+09, 1.818873e-01, 9.365370e-01, -1.624503e+00, -2.864937e+00, 3.378828e-10, 4.566344e-10, 3.925091e+01, -3.593655e-01
3.175400e+09, 1.831427e-01, 9.363207e-01, -1.632571e+00, -2.875840e+00, 3.389609e-10, 4.564653e-10, 3.913421e+01, -3.616384e-01
3.179200e+09, 1.843846e-01, 9.361047e-01, -1.640664e+00, -2.886739e+00, 3.399998e-10, 4.562960e-10, 3.901619e+01, -3.638602e-01
3.183000e+09, 1.856129e-01, 9.358892e-01, -1.648782e+00, -2.897633e+00, 3.410006e-10, 4.561265e-10, 3.889690e+01, -3.660302e-01
3.186800e+09, 1.868274e-01, 9.356741e-01, -1.656923e+00, -2.908524e+00, 3.419646e-10, 4.559568e-10, 3.877639e+01, -3.681475e-01
3.190600e+09, 1.880278e-01, 9.354596e-01, -1.665088e+00, -2.919410e+00, 3.428927e-10, 4.557871e-10, 3.865471e+01, -3.702115e-01
3.194400e+09, 1.892142e-01, 9.352458e-01, -1.673275e+00, -2.930293e+00, 3.437860e-10, 4.556174e-10, 3.853192e+01, -3.722213e-01
3.198200e+09, 1.903862e-01, 9.350326e-01, -1.681483e+00, -2.941171e+00, 3.446457e-10, 4.554477e-10, 3.840808e+01, -3.741762e-01
3.202000e+09, 1.915437e-01, 9.348203e-01, -1.689712e+00, -2.952045e+00, 3.454725e-10, 4.552782e-10, 3.828323e+01, -3.760756e-01
3.205800e+09, 1.926866e-01, 9.346088e-01, -1.697961e+00, -2.962916e+00, 3.462674e-10, 4.551089e-10, 3.815742e+01, -3.779188e-01
3.209600e+09, 1.938148e-01, 9.343983e-01, -1.706228e+00, -2.973782e+00, 3.470314e-10, 4.549399e-10, 3.803072e+01, -3.797051e-01
3.213400e+09, 1.949279e-01, 9.341888e-01, -1.714514e+00, -2.984644e+00, 3.477653e-10, 4.547712e-10, 3.790318e+01, -3.814338e-01
3.217200e+09, 1.960260e-01, 9.339804e-01, -1.722817e+00, -2.995502e+00, 3.484698e-10, 4.546030e-10, 3.777484e+01, -3.831044e-01
3.221000e+09, 1.971088e-01, 9.337732e-01, -1.731137e+00, -3.006356e+00, 3.491458e-10, 4.544352e-10, 3.764576e+01, -3.847162e-01
3.224800e+09, 1.981762e-01, 9.335673e-01, -1.739474e+00, -3.017206e+00, 3.497940e-10, 4.542680e-10, 3.751599e+01, -3.862687e-01
3.228600e+09, 1.992280e-01, 9.333626e-01, -1.747825e+00, -3.028053e+00, 3.504151e-10, 4.541014e-10, 3.738558e+01, -3.877614e-01
3.232400e+09, 2.002642e-01, 9.331594e-01, -1.756192e+00, -3.038895e+00, 3.510099e-10, 4.539355e-10, 3.725459e+01, -3.891936e-01
3.236200e+09, 2.012845e-01, 9.329577e-01, -1.764573e+00, -3.049733e+00, 3.515788e-10, 4.537704e-10, 3.712307e+01, -3.905648e-01
3.240000e+09, 2.022888e-01, 9.327575e-01, -1.772967e+00, -3.060567e+00, 3.521227e-10, 4.536062e-10, 3.699106e+01, -3.918747e-01
3.243800e+09, 2.032770e-01, 9.325590e-01, -1.781374e+00, -3.071398e+00, 3.526420e-10, 4.534429e-10, 3.685863e+01, -3.931226e-01
3.247600e+09, 2.042490e-01, 9.323621e-01, -1.789794e+00, -3.082224e+00, 3.531375e-10, 4.532805e-10, 3.672581e+01, -3.943082e-01
3.251400e+09, 2.052045e-01, 9.321671e-01, -1.798226e+00, -3.093047e+00, 3.536095e-10, 4.531193e-10, 3.659266e+01, -3.954309e-01
3.255200e+09, 2.061436e-01, 9.319739e-01, -1.806668e+00, -3.103865e+00, 3.540587e-10, 4.529591e-10, 3.645923e+01, -3.964904e-01
3.259000e+09, 2.070659e-01, 9.317826e-01, -1.815122e+00, -3.114680e+00, 3.544855e-10, 4.528002e-10, 3.632556e+01, -3.974863e-01
3.262800e+09, 2.079715e-01, 9.315934e-01, -1.823586e+00, -3.125491e+00, 3.548905e-10, 4.526426e-10, 3.619171e+01, -3.984182e-01
3.266600e+09, 2.088602e-01, 9.314062e-01, -1.832059e+00, -3.136299e+00, 3.552740e-10, 4.524863e-10, 3.605773e+01, -3.992857e-01
3.270400e+09, 2.097318e-01, 9.312212e-01, -1.840542e+00, 3.136083e+00, 3.556367e-10, 4.523314e-10, 3.592366e+01, -4.000885e-01
3.274200e+09, 2.105863e-01, 9.310384e-01, -1.849033e+00, 3.125283e+00, 3.559788e-10, 4.521780e-10, 3.578954e+01, -4.008263e-01
3.278000e+09, 2.114235e-01, 9.308580e-01, -1.857532e+00, 3.114487e+00, 3.563007e-10, 4.520262e-10, 3.565543e+01, -4.014987e-01
3.281800e+09, 2.122433e-01, 9.306799e-01, -1.866039e+00, 3.103694e+00, 3.566030e-10, 4.518760e-10, 3.552138e+01, -4.021055e-01
3.285600e+09, 2.130456e-01, 9.305043e-01, -1.874554e+00, 3.092905e+00, 3.568859e-10, 4.517276e-10, 3.538742e+01, -4.026464e-01
3.289400e+09, 2.138303e-01, 9.303311e-01, -1.883075e+00, 3.082120e+00, 3.571497e-10, 4.515809e-10, 3.525360e+01, -4.031212e-01
3.293200e+09, 2.145972e-01, 9.301606e-01, -1.891602e+00, 3.071338e+00, 3.573949e-10, 4.514360e-10, 3.511997e+01, -4.035296e-01
3.297000e+09, 2.153463e-01, 9.299927e-01, -1.900135e+00, 3.060559e+00, 3.576218e-10, 4.512931e-10, 3.498658e+01, -4.038714e-01
3.300800e+09, 2.160774e-01, 9.298276e-01, -1.908674e+00, 3.049784e+00, 3.578306e-10, 4.511522e-10, 3.485345e+01, -4.041465e-01
3.304600e+09, 2.167905e-01, 9.296653e-01, -1.917217e+00, 3.039012e+00, 3.580217e-10, 4.510133e-10, 3.472065e+01, -4.043546e-01
3.308400e+09, 2.174854e-01, 9.295058e-01, -1.925766e+00, 3.028244e+00, 3.581952e-10, 4.508766e-10, 3.458821e+01, -4.044957e-01
3.312200e+09, 2.181620e-01, 9.293493e-01, -1.934318e+00, 3.017479e+00, 3.583516e-10, 4.507421e-10, 3.445617e+01, -4.045695e-01
3.316000e+09, 2.188203e-01, 9.291958e-01, -1.942874e+00, 3.006717e+00, 3.584910e-10, 4.506098e-10, 3.432457e+01, -4.045760e-01
3.319800e+09, 2.194601e-01, 9.290453e-01, -1.951433e+00, 2.995958e+00, 3.586137e-10, 4.504798e-10, 3.419346e+01, -4.045150e-01
3.323600e+09, 2.200813e-01, 9.288980e-01, -1.959996e+00, 2.985202e+00, 3.587199e-10, 4.503523e-10, 3.406288e+01, -4.043866e-01
3.327400e+09, 2.206839e-01, 9.287539e-01, -1.968560e+00, 2.974450e+00, 3.588098e-10, 4.502272e-10, 3.393286e+01, -4.041905e-01
3.331200e+09, 2.212678e-01, 9.286130e-01, -1.977127e+00, 2.963700e+00, 3.588836e-10, 4.501047e-10, 3.380345e+01, -4.039269e-01
3.335000e+09, 2.218328e-01, 9.284755e-01, -1.985696e+00, 2.952953e+00, 3.589415e-10, 4.499847e-10, 3.367469e+01, -4.035956e-01
3.338800e+09, 2.223789e-01, 9.283413e-01, -1.994266e+00, 2.942209e+00, 3.589836e-10, 4.498674e-10, 3.354660e+01, -4.031968e-01
3.342600e+09, 2.229061e-01, 9.282106e-01, -2.002837e+00, 2.931468e+00, 3.590102e-10, 4.497529e-10, 3.341924e+01, -4.027303e-01
3.346400e+09, 2.234141e-01, 9.280834e-01, -2.011409e+00, 2.920730e+00, 3.590213e-10, 4.496411e-10, 3.329263e+01, -4.021962e-01
3.350200e+09, 2.239030e-01, 9.279598e-01, -2.019981e+00, 2.909994e+00, 3.590171e-10, 4.495322e-10, 3.316682e+01, -4.015947e-01
3.354000e+09, 2.243726e-01, 9.278398e-01, -2.028553e+00, 2.899261e+00, 3.589978e-10, 4.494261e-10, 3.304184e+01, -4.009257e-01
3.357800e+09, 2.248229e-01, 9.277234e-01, -2.037125e+00, 2.888530e+00, 3.589634e-10, 4.493231e-10, 3.291773e+01, -4.001894e-01
3.361600e+09, 2.252539e-01, 9.276108e-01, -2.045695e+00, 2.877802e+00, 3.589140e-10, 4.492231e-10, 3.279452e+01, -3.993859e-01
3.365400e+09, 2.256653e-01, 9.275020e-01, -2.054265e+00, 2.867077e+00, 3.588498e-10, 4.491261e-10, 3.267225e+01, -3.985154e-01
3.369200e+09, 2.260573e-01, 9.273971e-01, -2.062833e+00, 2.856353e+00, 3.587708e-10, 4.490324e-10, 3.255095e+01, -3.975780e-01
3.373000e+09, 2.264296e-01, 9.272960e-01, -2.071399e+00, 2.845632e+00, 3.586771e-10, 4.489418e-10, 3.243066e+01, -3.965739e-01
3.376800e+09, 2.267823e-01, 9.271989e-01, -2.079963e+00, 2.834913e+00, 3.585688e-10, 4.488545e-10, 3.231140e+01, -3.955033e-01
3.380600e+09, 2.271152e-01, 9.271058e-01, -2.088524e+00, 2.824196e+00, 3.584458e-10, 4.487705e-10, 3.219322e+01, -3.943664e-01
3.384400e+09, 2.274284e-01, 9.270167e-01, -2.097082e+00, 2.813481e+00, 3.583083e-10, 4.486898e-10, 3.207614e+01, -3.931635e-01
3.388200e+09, 2.277217e-01, 9.269317e-01, -2.105637e+00, 2.802768e+00, 3.581562e-10, 4.486126e-10, 3.196019e+01, -3.918949e-01
3.392000e+09, 2.279951e-01, 9.268508e-01, -2.114188e+00, 2.792057e+00, 3.579897e-10, 4.485389e-10, 3.184542e+01, -3.905609e-01
3.395800e+09, 2.282486e-01, 9.267741e-01, -2.122736e+00, 2.781348e+00, 3.578086e-10, 4.484687e-10, 3.173184e+01, -3.891618e-01
3.399600e+09, 2.284820e-01, 9.267017e-01, -2.131279e+00, 2.770640e+00, 3.576130e-10, 4.484020e-10, 3.161949e+01, -3.876978e-01
3.403400e+09, 2.286954e-01, 9.266335e-01, -2.139817e+00, 2.759934e+00, 3.574028e-10, 4.483390e-10, 3.150840e+01, -3.861695e-01
3.407200e+09, 2.288887e-01, 9.265696e-01, -2.148351e+00, 2.749230e+00, 3.571782e-10, 4.482796e-10, 3.139860e+01, -3.845772e-01
3.411000e+09, 2.290618e-01, 9.265101e-01, -2.156879e+00, 2.738526e+00, 3.569389e-10, 4.482240e-10, 3.129012e+01, -3.829213e-01
3.414800e+09, 2.292147e-01, 9.264549e-01, -2.165401e+00, 2.727825e+00, 3.566849e-10, 4.481721e-10, 3.118299e+01, -3.812022e-01
3.418600e+09, 2.293474e-01, 9.264042e-01, -2.173917e+00, 2.717124e+00, 3.564163e-10, 4.481241e-10, 3.107723e+01, -3.794205e-01
3.422400e+09, 2.294598e-01, 9.263579e-01, -2.182427e+00, 2.706425e+00, 3.561329e-10, 4.480798e-10, 3.097287e+01, -3.775765e-01
3.426200e+09, 2.295519e-01, 9.263161e-01, -2.190930e+00, 2.695726e+00, 3.558346e-10, 4.480395e-10, 3.086995e+01, -3.756709e-01
3.430000e+09, 2.296236e-01, 9.262788e-01, -2.199426e+00, 2.685029e+00, 3.555214e-10, 4.480031e-10, 3.076848e+01, -3.737041e-01
3.433800e+09, 2.296750e-01, 9.262461e-01, -2.207915e+00, 2.674332e+00, 3.551932e-10, 4.479706e-10, 3.066850e+01, -3.716768e-01
3.437600e+09, 2.297059e-01, 9.262179e-01, -2.216395e+00, 2.663636e+00, 3.548498e-10, 4.479422e-10, 3.057002e+01, -3.695895e-01
3.441400e+09, 2.297164e-01, 9.261944e-01, -2.224868e+00, 2.652941e+00, 3.544911e-10, 4.479178e-10, 3.047309e+01, -3.674428e-01
3.445200e+09, 2.297064e-01, 9.261754e-01, -2.233332e+00, 2.642247e+00, 3.541169e-10, 4.478974e-10, 3.037771e+01, -3.652375e-01
3.449000e+09, 2.296759e-01, 9.261611e-01, -2.241786e+00, 2.631553e+00, 3.537272e-10, 4.478812e-10, 3.028392e+01, -3.629741e-01
3.452800e+09, 2.296248e-01, 9.261515e-01, -2.250232e+00, 2.620859e+00, 3.533217e-10, 4.478691e-10, 3.019175e+01, -3.606534e-01
3.456600e+09, 2.295533e-01, 9.261466e-01, -2.258668e+00, 2.610166e+00, 3.529003e-10, 4.478611e-10, 3.010120e+01, -3.582762e-01
3.460400e+09, 2.294611e-01, 9.261464e-01, -2.267094e+00, 2.599472e+00, 3.524628e-10, 4.478574e-10, 3.001232e+01, -3.558431e-01
3.464200e+09, 2.293484e-01, 9.261509e-01, -2.275509e+00, 2.588779e+00, 3.520089e-10, 4.478579e-10, 2.992512e+01, -3.533549e-01
3.468000e+09, 2.292152e-01, 9.261602e-01, -2.283914e+00, 2.578086e+00, 3.515385e-10, 4.478626e-10, 2.983962e+01, -3.508126e-01
3.471800e+09, 2.290613e-01, 9.261742e-01, -2.292307e+00, 2.567393e+00, 3.510513e-10, 4.478716e-10, 2.975585e+01, -3.482169e-01
3.475600e+09, 2.288868e-01, 9.261930e-01, -2.300689e+00, 2.556700e+00, 3.505471e-10, 4.478849e-10, 2.967383e+01, -3.455686e-01
3.479400e+09, 2.286916e-01, 9.262166e-01, -2.309059e+00, 2.546006e+00, 3.500257e-10, 4.479025e-10, 2.959359e+01, -3.428688e-01
3.483200e+09, 2.284759e-01, 9.262450e-01, -2.317416e+00, 2.535312e+00, 3.494866e-10, 4.479244e-10, 2.951513e+01, -3.401183e-01
3.487000e+09, 2.282395e-01, 9.262781e-01, -2.325760e+00, 2.524617e+00, 3.489297e-10, 4.479507e-10, 2.943848e+01, -3.373181e-01
3.490800e+09, 2.279825e-01, 9.263161e-01, -2.334091e+00, 2.513922e+00, 3.483547e-10, 4.479813e-10, 2.936367e+01, -3.344691e-01
3.494600e+09, 2.277049e-01, 9.263588e-01, -2.342409e+00, 2.503226e+00, 3.477612e-10, 4.480163e-10, 2.929071e+01, -3.315725e-01
3.498400e+09, 2.274066e-01, 9.264064e-01, -2.350712e+00, 2.492529e+00, 3.471488e-10, 4.480557e-10, 2.921962e+01, -3.286292e-01
3.502200e+09, 2.270878e-01, 9.264587e-01, -2.359001e+00, 2.481831e+00, 3.465173e-10, 4.480995e-10, 2.915043e+01, -3.256403e-01
3.506000e+09, 2.267483e-01, 9.265159e-01, -2.367274e+00, 2.471132e+00, 3.458662e-10, 4.481477e-10, 2.908314e+01, -3.226070e-01
3.509800e+09, 2.263882e-01, 9.265779e-01, -2.375532e+00, 2.460432e+00, 3.451951e-10, 4.482004e-10, 2.901778e+01, -3.195303e-01
3.513600e+09, 2.260076e-01, 9.266446e-01, -2.383774e+00, 2.449731e+00, 3.445037e-10, 4.482575e-10, 2.895436e+01, -3.164115e-01
3.517400e+09, 2.256063e-01, 9.267161e-01, -2.391999e+00, 2.439028e+00, 3.437915e-10, 4.483189e-10, 2.889291e+01, -3.132516e-01
3.521200e+09, 2.251846e-01, 9.267924e-01, -2.400208e+00, 2.428324e+00, 3.430580e-10, 4.483849e-10, 2.883343e+01, -3.100520e-01
3.525000e+09, 2.247422e-01, 9.268735e-01, -2.408399e+00, 2.417618e+00, 3.423027e-10, 4.484552e-10, 2.877595e+01, -3.068139e-01
3.528800e+09, 2.242794e-01, 9.269593e-01, -2.416571e+00, 2.406911e+00, 3.415252e-10, 4.485300e-10, 2.872048e+01, -3.035385e-01
3.532600e+09, 2.237961e-01, 9.270498e-01, -2.424726e+00, 2.396202e+00, 3.407250e-10, 4.486092e-10, 2.866704e+01, -3.002272e-01
3.536400e+09, 2.232924e-01, 9.271450e-01, -2.432861e+00, 2.385491e+00, 3.399014e-10, 4.486929e-10, 2.861564e+01, -2.968813e-01
3.540200e+09, 2.227682e-01, 9.272449e-01, -2.440976e+00, 2.374778e+00, 3.390540e-10, 4.487809e-10, 2.856629e+01, -2.935021e-01
3.544000e+09, 2.222236e-01, 9.273495e-01, -2.449072e+00, 2.364063e+00, 3.381820e-10, 4.488734e-10, 2.851901e+01, -2.900910e-01
3.547800e+09, 2.216586e-01, 9.274588e-01, -2.457146e+00, 2.353345e+00, 3.372850e-10, 4.489702e-10, 2.847381e+01, -2.866494e-01
3.551600e+09, 2.210734e-01, 9.275727e-01, -2.465199e+00, 2.342626e+00, 3.363622e-10, 4.490715e-10, 2.843071e+01, -2.831788e-01
3.555400e+09, 2.204678e-01, 9.276911e-01, -2.473230e+00, 2.331904e+00, 3.354130e-10, 4.491771e-10, 2.838971e+01, -2.796806e-01
3.559200e+09, 2.198420e-01, 9.278141e-01, -2.481239e+00, 2.321179e+00, 3.344366e-10, 4.492871e-10, 2.835083e+01, -2.761563e-01
3.563000e+09, 2.191960e-01, 9.279417e-01, -2.489224e+00, 2.310452e+00, 3.334323e-10, 4.494014e-10, 2.831408e+01, -2.726073e-01
3.566800e+09, 2.185298e-01, 9.280738e-01, -2.497185e+00, 2.299722e+00, 3.323994e-10, 4.495200e-10, 2.827947e+01, -2.690353e-01
3.570600e+09, 2.178435e-01, 9.282103e-01, -2.505121e+00, 2.288989e+00, 3.313370e-10, 4.496430e-10, 2.824701e+01, -2.654417e-01
3.574400e+09, 2.171372e-01, 9.283512e-01, -2.513032e+00, 2.278253e+00, 3.302443e-10, 4.497702e-10, 2.821671e+01, -2.618281e-01
3.578200e+09, 2.164109e-01, 9.284966e-01, -2.520917e+00, 2.267514e+00, 3.291204e-10, 4.499017e-10, 2.818858e+01, -2.581961e-01
3.582000e+09, 2.156646e-01, 9.286463e-01, -2.528775e+00, 2.256773e+00, 3.279643e-10, 4.500374e-10, 2.816263e+01, -2.545474e-01
3.585800e+09, 2.148985e-01, 9.288003e-01, -2.536606e+00, 2.246027e+00, 3.267752e-10, 4.501773e-10, 2.813886e+01, -2.508834e-01
3.589600e+09, 2.141125e-01, 9.289586e-01, -2.544408e+00, 2.235279e+00, 3.255521e-10, 4.503213e-10, 2.811728e+01, -2.472059e-01
3.593400e+09, 2.133068e-01, 9.291210e-01, -2.552181e+00, 2.224527e+00, 3.242938e-10, 4.504696e-10, 2.809790e+01, -2.435164e-01
3.597200e+09, 2.124814e-01, 9.292877e-01, -2.559924e+00, 2.213772e+00, 3.229992e-10, 4.506219e-10, 2.808073e+01, -2.398168e-01
3.601000e+09, 2.116364e-01, 9.294585e-01, -2.567636e+00, 2.203012e+00, 3.216674e-10, 4.507782e-10, 2.806576e+01, -2.361086e-01
3.604800e+09, 2.107718e-01, 9.296333e-01, -2.575316e+00, 2.192250e+00, 3.202970e-10, 4.509386e-10, 2.805301e+01, -2.323936e-01
3.608600e+09, 2.098878e-01, 9.298121e-01, -2.582963e+00, 2.181483e+00, 3.188868e-10, 4.511030e-10, 2.804248e+01, -2.286734e-01
3.612400e+09, 2.089844e-01, 9.299949e-01, -2.590577e+00, 2.170712e+00, 3.174355e-10, 4.512714e-10, 2.803417e+01, -2.249497e-01
3.616200e+09, 2.080617e-01, 9.301816e-01, -2.598156e+00, 2.159938e+00, 3.159418e-10, 4.514436e-10, 2.802809e+01, -2.212244e-01
3.620000e+09, 2.071198e-01, 9.303721e-01, -2.605700e+00, 2.149159e+00, 3.144042e-10, 4.516198e-10, 2.802423e+01, -2.174991e-01
3.623800e+09, 2.061587e-01, 9.305664e-01, -2.613206e+00, 2.138376e+00, 3.128213e-10, 4.517997e-10, 2.802261e+01, -2.137755e-01
3.627600e+09, 2.051787e-01, 9.307644e-01, -2.620675e+00, 2.127589e+00, 3.111916e-10, 4.519834e-10, 2.802321e+01, -2.100554e-01
3.631400e+09, 2.041796e-01, 9.309661e-01, -2.628105e+00, 2.116797e+00, 3.095133e-10, 4.521708e-10, 2.802605e+01, -2.063406e-01
3.635200e+09, 2.031618e-01, 9.311713e-01, -2.635495e+00, 2.106001e+00, 3.077849e-10, 4.523619e-10, 2.803111e+01, -2.026328e-01
3.639000e+09, 2.021252e-01, 9.313801e-01, -2.642844e+00, 2.095201e+00, 3.060045e-10, 4.525566e-10, 2.803841e+01, -1.989337e-01
3.642800e+09, 2.010700e-01, 9.315922e-01, -2.650150e+00, 2.084395e+00, 3.041704e-10, 4.527549e-10, 2.804794e+01, -1.952452e-01
3.646600e+09, 1.999962e-01, 9.318078e-01, -2.657413e+00, 2.073585e+00, 3.022805e-10, 4.529566e-10, 2.805969e+01, -1.915689e-01
3.650400e+09, 1.989041e-01, 9.320266e-01, -2.664630e+00, 2.062770e+00, 3.003329e-10, 4.531618e-10, 2.807366e+01, -1.879066e-01
3.654200e+09, 1.977936e-01, 9.322487e-01, -2.671801e+00, 2.051951e+00, 2.983254e-10, 4.533704e-10, 2.808985e+01, -1.842600e-01
3.658000e+09, 1.966650e-01, 9.324738e-01, -2.678923e+00, 2.041126e+00, 2.962559e-10, 4.535823e-10, 2.810826e+01, -1.806310e-01
3.661800e+09, 1.955184e-01, 9.327021e-01, -2.685997e+00, 2.030296e+00, 2.941220e-10, 4.537974e-10, 2.812888e+01, -1.770212e-01
3.665600e+09, 1.943538e-01, 9.329333e-01, -2.693019e+00, 2.019461e+00, 2.919213e-10, 4.540157e-10, 2.815170e+01, -1.734324e-01
3.669400e+09, 1.931714e-01, 9.331674e-01, -2.699989e+00, 2.008621e+00, 2.896513e-10, 4.542372e-10, 2.817672e+01, -1.698662e-01
3.673200e+09, 1.919714e-01, 9.334043e-01, -2.706905e+00, 1.997776e+00, 2.873092e-10, 4.544617e-10, 2.820393e+01, -1.663245e-01
3.677000e+09, 1.907539e-01, 9.336439e-01, -2.713765e+00, 1.986925e+00, 2.848924e-10, 4.546892e-10, 2.823333e+01, -1.628089e-01
3.680800e+09, 1.895190e-01, 9.338862e-01, -2.720567e+00, 1.976069e+00, 2.823979e-10, 4.549196e-10, 2.826490e+01, -1.593210e-01
3.684600e+09, 1.882669e-01, 9.341310e-01, -2.727310e+00, 1.965207e+00, 2.798225e-10, 4.551528e-10, 2.829863e+01, -1.558626e-01
3.688400e+09, 1.869977e-01, 9.343782e-01, -2.733991e+00, 1.954340e+00, 2.771632e-10, 4.553888e-10, 2.833452e+01, -1.524354e-01
3.692200e+09, 1.857116e-01, 9.346278e-01, -2.740608e+00, 1.943467e+00, 2.744165e-10, 4.556274e-10, 2.837256e+01, -1.490409e-01
3.696000e+09, 1.844088e-01, 9.348796e-01, -2.747160e+00, 1.932588e+00, 2.715789e-10, 4.558687e-10, 2.841272e+01, -1.456808e-01
3.699800e+09, 1.830894e-01, 9.351337e-01, -2.753645e+00, 1.921704e+00, 2.686466e-10, 4.561125e-10, 2.845502e+01, -1.423568e-01
3.703600e+09, 1.817536e-01, 9.353897e-01, -2.760059e+00, 1.910814e+00, 2.656158e-10, 4.563588e-10, 2.849941e+01, -1.390703e-01
3.707400e+09, 1.804016e-01, 9.356478e-01, -2.766401e+00, 1.899918e+00, 2.624824e-10, 4.566074e-10, 2.854591e+01, -1.358231e-01
3.711200e+09, 1.790336e-01, 9.359077e-01, -2.772668e+00, 1.889016e+00, 2.592420e-10, 4.568583e-10, 2.859448e+01, -1.326166e-01
3.715000e+09, 1.776497e-01, 9.361694e-01, -2.778857e+00, 1.878108e+00, 2.558902e-10, 4.571113e-10, 2.864512e+01, -1.294523e-01
3.718800e+09, 1.762502e-01, 9.364328e-01, -2.784967e+00, 1.867194e+00, 2.524221e-10, 4.573665e-10, 2.869781e+01, -1.263319e-01
3.722600e+09, 1.748353e-01, 9.366977e-01, -2.790994e+00, 1.856274e+00, 2.488327e-10, 4.576237e-10, 2.875254e+01, -1.232568e-01
3.726400e+09, 1.734051e-01, 9.369640e-01, -2.796935e+00, 1.845347e+00, 2.451168e-10, 4.578829e-10, 2.880928e+01, -1.202284e-01
3.730200e+09, 1.719599e-01, 9.372317e-01, -2.802787e+00, 1.834415e+00, 2.412688e-10, 4.581438e-10, 2.886802e+01, -1.172481e-01
3.734000e+09, 1.704999e-01, 9.375006e-01, -2.808548e+00, 1.823476e+00, 2.372829e-10, 4.584065e-10, 2.892874e+01, -1.143175e-01
3.737800e+09, 1.690254e-01, 9.377707e-01, -2.814213e+00, 1.812531e+00, 2.331530e-10, 4.586709e-10, 2.899142e+01, -1.114379e-01
3.741600e+09, 1.675366e-01, 9.380418e-01, -2.819780e+00, 1.801580e+00, 2.288725e-10, 4.589368e-10, 2.905604e+01, -1.086106e-01
3.745400e+09, 1.660336e-01, 9.383137e-01, -2.825245e+00, 1.790622e+00, 2.244346e-10, 4.592042e-10, 2.912258e+01, -1.058370e-01
3.749200e+09, 1.645169e-01, 9.385865e-01, -2.830603e+00, 1.779658e+00, 2.198321e-10, 4.594730e-10, 2.919102e+01, -1.031184e-01
3.753000e+09, 1.629866e-01, 9.388599e-01, -2.835852e+00, 1.768688e+00, 2.150575e-10, 4.597430e-10, 2.926133e+01, -1.004561e-01
3.756800e+09, 1.614430e-01, 9.391339e-01, -2.840987e+00, 1.757711e+00, 2.101027e-10, 4.600142e-10, 2.933350e+01, -9.785125e-02
3.760600e+09, 1.598865e-01, 9.394083e-01, -2.846003e+00, 1.746728e+00, 2.049593e-10, 4.602865e-10, 2.940749e+01, -9.530518e-02
3.764400e+09, 1.583172e-01, 9.396831e-01, -2.850897e+00, 1.735738e+00, 1.996185e-10, 4.605598e-10, 2.948329e+01, -9.281904e-02
3.768200e+09, 1.567355e-01, 9.399581e-01, -2.855663e+00, 1.724741e+00, 1.940707e-10, 4.608339e-10, 2.956086e+01, -9.039399e-02
3.772000e+09, 1.551417e-01, 9.402331e-01, -2.860297e+00, 1.713738e+00, 1.883062e-10, 4.611088e-10, 2.964019e+01, -8.803117e-02
3.775800e+09, 1.535362e-01, 9.405081e-01, -2.864793e+00, 1.702729e+00, 1.823144e-10, 4.613843e-10, 2.972124e+01, -8.573166e-02
3.779600e+09, 1.519192e-01, 9.407830e-01, -2.869146e+00, 1.691713e+00, 1.760842e-10, 4.616605e-10, 2.980399e+01, -8.349653e-02
3.783400e+09, 1.502912e-01, 9.410576e-01, -2.873350e+00, 1.680690e+00, 1.696040e-10, 4.619371e-10, 2.988841e+01, -8.132683e-02
3.787200e+09, 1.486524e-01, 9.413318e-01, -2.877399e+00, 1.669661e+00, 1.628616e-10, 4.622140e-10, 2.997446e+01, -7.922355e-02
3.791000e+09, 1.470033e-01, 9.416054e-01, -2.881288e+00, 1.658625e+00, 1.558437e-10, 4.624912e-10, 3.006212e+01, -7.718766e-02
3.794800e+09, 1.453443e-01, 9.418785e-01, -2.885009e+00, 1.647583e+00, 1.485368e-10, 4.627685e-10, 3.015136e+01, -7.522011e-02
3.798600e+09, 1.436757e-01, 9.421507e-01, -2.888555e+00, 1.636534e+00, 1.409263e-10, 4.630459e-10, 3.024215e+01, -7.332179e-02
3.802400e+09, 1.419980e-01, 9.424221e-01, -2.891920e+00, 1.625478e+00, 1.329967e-10, 4.633231e-10, 3.033445e+01, -7.149358e-02
3.806200e+09, 1.403116e-01, 9.426924e-01, -2.895096e+00, 1.614415e+00, 1.247320e-10, 4.636002e-10, 3.042823e+01, -6.973633e-02
3.810000e+09, 1.386170e-01, 9.429616e-01, -2.898074e+00, 1.603346e+00, 1.161149e-10, 4.638770e-10, 3.052346e+01, -6.805084e-02
3.813800e+09, 1.369147e-01, 9.432295e-01, -2.900846e+00, 1.592271e+00, 1.071275e-10, 4.641534e-10, 3.062010e+01, -6.643788e-02
3.817600e+09, 1.352052e-01, 9.434960e-01, -2.903404e+00, 1.581189e+00, 9.775063e-11, 4.644293e-10, 3.071811e+01, -6.489820e-02
3.821400e+09, 1.334889e-01, 9.437610e-01, -2.905738e+00, 1.570100e+00, 8.796415e-11, 4.647046e-10, 3.081746e+01, -6.343251e-02
3.825200e+09, 1.317665e-01, 9.440244e-01, -2.907838e+00, 1.559005e+00, 7.774686e-11, 4.649791e-10, 3.091811e+01, -6.204147e-02
3.829000e+09, 1.300385e-01, 9.442859e-01, -2.909694e+00, 1.547903e+00, 6.707638e-11, 4.652528e-10, 3.102002e+01, -6.072574e-02
3.832800e+09, 1.283056e-01, 9.445456e-01, -2.911296e+00, 1.536794e+00, 5.592913e-11, 4.655255e-10, 3.112316e+01, -5.948592e-02
3.836600e+09, 1.265682e-01, 9.448032e-01, -2.912631e+00, 1.525679e+00, 4.428031e-11, 4.657972e-10, 3.122748e+01, -5.832259e-02
3.840400e+09, 1.248272e-01, 9.450586e-01, -2.913688e+00, 1.514558e+00, 3.210385e-11, 4.660676e-10, 3.133295e+01, -5.723629e-02
3.844200e+09, 1.230832e-01, 9.453118e-01, -2.914455e+00, 1.503430e+00, 1.937237e-11, 4.663368e-10, 3.143952e+01, -5.622753e-02
3.848000e+09, 1.213369e-01, 9.455625e-01, -2.914917e+00, 1.492296e+00, 6.057133e-12, 4.666046e-10, 3.154714e+01, -5.529679e-02
3.851800e+09, 1.195891e-01, 9.458107e-01, -2.915062e+00, 1.481155e+00, -7.871913e-12, 4.668708e-10, 3.165579e+01, -5.444452e-02
3.855600e+09, 1.178405e-01, 9.460562e-01, -2.914874e+00, 1.470008e+00, -2.244619e-11, 4.671354e-10, 3.176540e+01, -5.367111e-02
3.859400e+09, 1.160921e-01, 9.462990e-01, -2.914338e+00, 1.458855e+00, -3.769844e-11, 4.673982e-10, 3.187594e+01, -5.297695e-02
3.863200e+09, 1.143447e-01, 9.465387e-01, -2.913438e+00, 1.447695e+00, -5.366271e-11, 4.676592e-10, 3.198737e+01, -5.236239e-02
3.867000e+09, 1.125993e-01, 9.467755e-01, -2.912157e+00, 1.436529e+00, -7.037431e-11, 4.679182e-10, 3.209962e+01, -5.182773e-02
3.870800e+09, 1.108567e-01, 9.470090e-01, -2.910477e+00, 1.425357e+00, -8.786968e-11, 4.681751e-10, 3.221267e+01, -5.137325e-02
3.874600e+09, 1.091182e-01, 9.472392e-01, -2.908379e+00, 1.414179e+00, -1.061863e-10, 4.684298e-10, 3.232645e+01, -5.099921e-02
3.878400e+09, 1.073848e-01, 9.474660e-01, -2.905843e+00, 1.402995e+00, -1.253624e-10, 4.686822e-10, 3.244093e+01, -5.070580e-02
3.882200e+09, 1.056576e-01, 9.476892e-01, -2.902850e+00, 1.391804e+00, -1.454370e-10, 4.689321e-10, 3.255604e+01, -5.049323e-02
3.886000e+09, 1.039378e-01, 9.479087e-01, -2.899378e+00, 1.380608e+00, -1.664492e-10, 4.691795e-10, 3.267175e+01, -5.036162e-02
3.889800e+09, 1.022268e-01, 9.481245e-01, -2.895403e+00, 1.369406e+00, -1.884384e-10, 4.694242e-10, 3.278799e+01, -5.031110e-02
3.893600e+09, 1.005260e-01, 9.483362e-01, -2.890904e+00, 1.358198e+00, -2.114432e-10, 4.696662e-10, 3.290472e+01, -5.034174e-02
3.897400e+09, 9.883678e-02, 9.485440e-01, -2.885856e+00, 1.346984e+00, -2.355010e-10, 4.699052e-10, 3.302188e+01, -5.045361e-02
3.901200e+09, 9.716068e-02, 9.487475e-01, -2.880233e+00, 1.335764e+00, -2.606479e-10, 4.701413e-10, 3.313942e+01, -5.064670e-02
3.905000e+09, 9.549933e-02, 9.489467e-01, -2.874010e+00, 1.324539e+00, -2.869168e-10, 4.703742e-10, 3.325728e+01, -5.092102e-02
3.908800e+09, 9.385447e-02, 9.491415e-01, -2.867159e+00, 1.313309e+00, -3.143375e-10, 4.706039e-10, 3.337541e+01, -5.127651e-02
3.912600e+09, 9.222792e-02, 9.493318e-01, -2.859654e+00, 1.302072e+00, -3.429347e-10, 4.708303e-10, 3.349376e+01, -5.171308e-02
3.916400e+09, 9.062159e-02, 9.495174e-01, -2.851466e+00, 1.290831e+00, -3.727270e-10, 4.710532e-10, 3.361226e+01, -5.223063e-02
3.920200e+09, 8.903753e-02, 9.496982e-01, -2.842567e+00, 1.279584e+00, -4.037253e-10, 4.712725e-10, 3.373085e+01, -5.282901e-02
3.924000e+09, 8.747789e-02, 9.498741e-01, -2.832928e+00, 1.268332e+00, -4.359310e-10, 4.714882e-10, 3.384949e+01, -5.350804e-02
3.927800e+09, 8.594493e-02, 9.500450e-01, -2.822519e+00, 1.257074e+00, -4.693337e-10, 4.717000e-10, 3.396810e+01, -5.426751e-02
3.931600e+09, 8.444106e-02, 9.502108e-01, -2.811313e+00, 1.245812e+00, -5.039094e-10, 4.719080e-10, 3.408663e+01, -5.510718e-02
3.935400e+09, 8.296878e-02, 9.503713e-01, -2.799282e+00, 1.234545e+00, -5.396173e-10, 4.721119e-10, 3.420502e+01, -5.602676e-02
3.939200e+09, 8.153074e-02, 9.505265e-01, -2.786398e+00, 1.223273e+00, -5.763977e-10, 4.723118e-10, 3.432321e+01, -5.702595e-02
3.943000e+09, 8.012972e-02, 9.506762e-01, -2.772636e+00, 1.211996e+00, -6.141688e-10, 4.725074e-10, 3.444114e+01, -5.810441e-02
3.946800e+09, 7.876860e-02, 9.508203e-01, -2.757972e+00, 1.200714e+00, -6.528239e-10, 4.726986e-10, 3.455874e+01, -5.926175e-02
3.950600e+09, 7.745041e-02, 9.509588e-01, -2.742385e+00, 1.189428e+00, -6.922282e-10, 4.728854e-10, 3.467594e+01, -6.049758e-02
3.954400e+09, 7.617827e-02, 9.510914e-01, -2.725857e+00, 1.178137e+00, -7.322164e-10, 4.730677e-10, 3.479270e+01, -6.181145e-02
3.958200e+09, 7.495544e-02, 9.512182e-01, -2.708375e+00, 1.166842e+00, -7.725900e-10, 4.732453e-10, 3.490893e+01, -6.320289e-02
3.962000e+09, 7.378524e-02, 9.513390e-01, -2.689928e+00, 1.155543e+00, -8.131154e-10, 4.734181e-10, 3.502459e+01, -6.467140e-02
3.965800e+09, 7.267108e-02, 9.514536e-01, -2.670514e+00, 1.144239e+00, -8.535231e-10, 4.735861e-10, 3.513959e+01, -6.621642e-02
3.969600e+09, 7.161644e-02, 9.515621e-01, -2.650136e+00, 1.132932e+00, -8.935073e-10, 4.737491e-10, 3.525389e+01, -6.783740e-02
3.973400e+09, 7.062483e-02, 9.516643e-01, -2.628802e+00, 1.121621e+00, -9.327273e-10, 4.739070e-10, 3.536740e+01, -6.953372e-02
3.977200e+09, 6.969976e-02, 9.517601e-01, -2.606532e+00, 1.110306e+00, -9.708105e-10, 4.740597e-10, 3.548007e+01, -7.130474e-02
3.981000e+09, 6.884470e-02, 9.518494e-01, -2.583353e+00, 1.098987e+00, -1.007357e-09, 4.742072e-10, 3.559183e+01, -7.314981e-02
3.984800e+09, 6.806308e-02, 9.519321e-01, -2.559301e+00, 1.087665e+00, -1.041947e-09, 4.743493e-10, 3.570260e+01, -7.506820e-02
3.988600e+09, 6.735821e-02, 9.520081e-01, -2.534424e+00, 1.076339e+00, -1.074148e-09, 4.744859e-10, 3.581234e+01, -7.705919e-02
3.992400e+09, 6.673326e-02, 9.520774e-01, -2.508777e+00, 1.065010e+00, -1.103527e-09, 4.746169e-10, 3.592096e+01, -7.912200e-02
3.996200e+09, 6.619118e-02, 9.521399e-01, -2.482429e+00, 1.053678e+00, -1.129662e-09, 4.747422e-10, 3.602840e+01, -8.125583e-02
4.000000e+09, 6.573471e-02, 9.521954e-01, -2.455457e+00, 1.042343e+00, -1.129662e-09, 4.747422e-10, 3.613460e+01, -8.345985e-02
